20.0 50.0 -1.5707963267948966
104
0.03403465399939647 35.05910490227892 0.003921964139492271
3.134487814393736 1.482267666123479 1.5958911196693515 2.761635276652813 
-0.046150184962788714 34.939731959315345 -1.6106623169006127
4.715005067334672 3.0127801173388895 3.3075543200718562 4.248790697622561 
-0.7816809230389643 49.55243845542428 -0.7202428003250172
4.186434863074992 3.16867302584242 3.171609411291304 3.977187848859038 
-0.8011343805253603 49.46951820076621 -2.386918758097034
5.760109418863584 4.620809156262265 4.7565208847284 5.425337410042329 
4.666770498589468 35.052678009083905 -7.8775069095459145
5.3221039514414725 4.372021294093624 4.091156105339701 5.239819019687864 
4.685505918661013 35.01613958260519 -3.1103599082876103
0.49138667923410656 5.894155010630403 5.639382749961535 0.5662525100447836 
4.77835348342664 -0.014080978826573238 -3.072339237435703
1.7121202143630776 5.849115242120306 5.065957876199941 0.7853222699122359 
4.704300789240118 0.03454519496756653 -4.771288067341159
3.1571480883660406 0.9670591550069247 0.4882412885493449 2.368209334379162 
0.0356187698638254 35.09811685930692 0.05030536992722852
3.253119414010759 1.457595207992086 1.5806018515802494 2.61680591810413 
0.00041888579157217415 35.00906154517862 -1.5032220331489097
4.7288285070860026 2.9952841238996797 3.2632659971612386 4.182684616144463 
-0.7411603589260078 49.39580728375321 -0.7551718207492478
4.148673582610415 3.0130282004707216 3.2154268803296637 4.048867523879768 
-0.7957524430611375 49.30093715291714 -2.338780479507976
5.762274869992665 4.756752115896347 4.690447168763634 5.4776371700780535 
4.698008865092051 34.95860826159736 -7.846310606335541
5.380921947406261 4.435157444701992 4.108522762009779 5.217580606392274 
4.695297660679272 35.043785818876955 -2.9956292204689428
0.6417406893767703 5.894720662915702 5.677064436749326 0.5329922207650747 
4.743860430546337 -0.24052412127183134 -3.09287996973323
1.5808314261875276 5.810999763578583 5.085072744410062 0.8688186408941485 
4.716531246532905 -0.040521607501617526 -4.764955119037138
3.3602255645437635 1.1873645905014132 0.38214259446044196 2.339873355634702 
0.04753908778928698 34.81268098744983 -0.04480279152762149
3.2487600861315458 1.4740899685300983 1.7079977766562953 2.5982930279617364 
0.04249246923711387 34.832509725394125 -1.5559017155260442
4.700868807375936 3.076201618813211 3.221781565087452 4.265390511403708 
-0.808047624627903 49.50790574442579 -0.7401964705932278
4.26029703524555 3.109180775731382 3.1279311567378096 3.9169768858281198 
-0.6872515699092533 49.5210545261361 -2.4006567090805584
5.768009961149996 4.617374170748378 4.788263759028819 5.557722137874305 
4.638480032056056 35.03319428864441 -7.807380616486027
5.3833614919933375 4.35671306793542 4.137156599410083 5.211217644210505 
4.713351965234751 35.0670661985885 -3.165124452655836
0.6764836584213963 5.886067777217466 5.750484440048913 0.48572879887120224 
4.744550544329104 0.022877719185285493 -3.1057528187876833
1.8203008300032388 5.8115514953158245 5.058679911115145 0.7608991410144602 
4.707832463415801 -0.0025005864215086274 -4.64941718481855
3.233145584510698 1.0617580591057036 0.3558620815763361 2.3604818038210817 
0.012313651859950325 35.01102139651869 -0.00951265436613221
3.157673717555636 1.5204357560932218 1.6961559843832246 2.7018045514094564 
0.019122974280131183 35.139862296593165 -1.6489225899621909
4.734994496592161 3.0168119902480206 3.301463790548775 4.25782113774195 
-0.7779084295330064 49.508426889550876 -0.7628012812224434
4.235695910149318 3.134026063336301 3.1873961981422894 3.850440084352423 
-0.6246003822687651 49.50991298731873 -2.3708623687926087
5.867470724132684 4.616490780197644 4.86158166115241 5.541503717416451 
4.685459196837557 35.06039223648691 -7.7614357185401355
5.278378639154269 4.371999543736436 4.032833069843019 5.2352296892565935 
4.756470991713618 35.00718971524572 -3.1731232646431504
0.5706685581750496 5.944602441402637 5.6833040416748934 0.50918328340158 
4.753801492830598 0.09883973968639974 -3.1774124052454518
1.6193849993944431 5.735876750708599 5.045926656608515 0.8000982275334124 
4.699719878233664 -0.19034549431719744 -4.656159969172691
3.195370727654625 1.130496208131204 0.3182267007757138 2.5167350716889416 
0.008709923441232734 35.0628078965292 -0.052407711846373065
3.1407694387251333 1.4823385790362722 1.6548809812935805 2.6077613092342222 
0.05775043574018606 34.89621999337418 -1.685826075966268
4.780929636394388 3.1220507362898027 3.2749484767172654 4.156966709582322 
-0.7640864757900372 49.47660094171988 -0.7382566500921403
4.210758593808244 3.087658984279493 3.184029843632029 4.007649035792976 
-0.8376223390067887 49.55950299482551 -2.36584637748484
5.760341607734062 4.663787949506805 4.732352395403384 5.533806559418988 
4.747290372500545 34.924468016894174 -7.849455979548505
5.39985967468824 4.358219336921252 4.121197130954376 5.232593748527845 
4.701967093013954 35.11106441383429 -3.1273701992197194
0.6047530893792588 5.882914340230649 5.687868399118903 0.5178125420127561 
4.719605361047279 -0.050149896710696855 -3.1903623255162414
1.7228440854773228 5.809395230598948 5.081414192939616 0.8511442040367725 
4.725213541295424 0.10274201509380035 -4.663571300054568
3.252199806076489 1.0358847381619014 0.4794187008313767 2.3402061375263266 
-0.02493102736886861 35.11016575666278 0.041254026144507155
3.1438173557230815 1.5078642703846818 1.7334706485505407 2.6717958915375437 
-0.04758099840793235 34.92902586809342 -1.5501445481114198
4.779932274253031 3.10457800837599 3.1770930601472394 4.214640818371764 
-0.7590832816914058 49.622575597323134 -0.7572156106099994
4.233110729384186 3.1598685167533676 3.2140561460433976 3.9964309854440505 
-0.7542143233523926 49.54209959472309 -2.349727252807743
5.757877644563578 4.679057306082611 4.675163023193331 5.5173638298591365 
4.678215256213141 35.13068364032319 -7.848893674821345
5.3455164823802255 4.406751209545387 4.10872533040498 5.268011689062674 
4.7018069275060075 34.998115386435806 -3.199098471831637
0.5704642229147204 5.783484388293758 5.631355306632137 0.4453113942114235 
4.733214757226132 -0.07736631757159079 -3.1532049905432475
1.7054543040555674 5.8320347795851974 5.126329849351175 0.8708924073844357 
4.822957789537046 0.08917899455841882 -4.773229628780903
3.250105935351675 1.1157909809668543 0.3842283450197266 2.3886154558681167 
0.04041593334898735 34.96186841872309 0.09955691499810188
3.190156206406617 1.4773851436715317 1.6382625796161976 2.6556744235857392 
-0.07949322109254019 35.260280926305505 -1.583967160999276
4.751613073632405 3.065024564306112 3.171818466487584 4.26508740994475 
-0.7552623584990513 49.566737664811086 -0.8211304732617499
4.142170385641324 3.1371955593488603 3.0234194449567107 4.000713052057588 
-0.8180712959204663 49.45739501469009 -2.2549115982649623
5.70875793526189 4.651722678534836 4.753970331904073 5.536982664765889 
4.778245608767868 35.113459736774125 -7.950697921096283
5.317300287597342 4.406974722625256 4.084097601530245 5.156945069929131 
4.665406910415091 35.22044943624106 -3.0720533609712253
0.599413398747979 5.900196191078457 5.638653885395607 0.6171890752819758 
4.754321893294064 -0.08910048349988225 -3.1044040638250814
1.6592601329390924 5.779421134667083 5.0155025983908965 0.9776923935408522 
4.6915856038673285 0.0795612447456525 -4.72731776275053
3.2210909542281168 1.0179287074871899 0.34588976867663357 2.394578950331187 
-0.059851637404417325 34.93608743827124 0.028146566020864572
3.338698095765988 1.46868892675273 1.7287081668569049 2.649559632825395 
0.06491930762973107 35.07438028639025 -1.577741924078297
4.821739880225129 2.984698620768604 3.2253768869797184 4.190963657436148 
-0.7931108007710848 49.44938082929637 -0.8202348828879826
4.259495329027555 3.114297813752415 3.1802748089561406 3.9700088027288345 
-0.8351214984918409 49.404357224429305 -2.303212616415356
5.749980463194477 4.6774443216610555 4.791559925165896 5.57025213745416 
4.671521256982704 35.11546669126141 -7.846316467834983
5.241993030790028 4.436292601358611 4.21166412705705 5.223238744067603 
4.712936484348309 35.00861264909358 -3.2026748540351373
0.5576329505627361 5.9185219087067695 5.698837992518513 0.563514409549722 
4.683271612463277 -9.051555982025992e-05 -3.1605383069115374
1.7270911999879826 5.798751029462569 5.029566813004187 0.7769029497531154 
4.668024318377483 0.0397656368373726 -4.785902216895233
3.161320301856449 1.1741016816723608 0.3999238123105504 2.3509105181295613 
0.03383138979680338 34.88124836502944 0.022378286137563017
3.1487216820879147 1.4440949765362907 1.7456978696680792 2.621146768281178 
-0.09900958378083752 35.003615645602665 -1.5585716055625007
4.743651657192298 3.069967087669175 3.2478823667269103 4.2304680977111415 
-0.766139912554367 49.51630306744033 -0.8176304976737937
4.267940960646204 3.0949347170365042 3.248818174948401 3.9660944043242417 
-0.7827061519574137 49.53011029760661 -2.3484769537408274
5.766274106963313 4.5648552858236595 4.767734430794249 5.632190481646962 
4.697172423554274 35.018134859568725 -7.8993037705050035
5.3569444672036735 4.433183726515233 4.0959053591978165 5.299723461466661 
4.71651356815034 35.12252647410088 -3.1558212909188557
0.5925181697679478 6.000391376306652 5.611859877458533 0.5356690628947232 
4.6702269349623995 0.03653813331379508 -3.1030345674755737
1.6244457712249387 5.75533700587406 4.98874620151504 0.8441877011643759 
4.849306857060905 0.08505122467329654 -4.708703968628228
3.2557821342669957 1.1411852014225736 0.387274493170362 2.4174705059712167 
0.03932365906542853 34.96942852563554 0.056778921828232826
3.253316767393168 1.5097539947092942 1.497431588295355 2.6345900992201208 
0.001793303896807694 34.904981036059894 -1.5806784833904024
4.666465289991341 3.210570119242224 3.2454872433073216 4.273832414090098 
-0.8025423249775909 49.60815799560213 -0.8335221668489172
4.162826357225834 3.0530780771522426 3.199660899021954 3.8880997112274365 
-0.7775098254355682 49.62787742115279 -2.4311871576220443
5.769816008438004 4.801887090198827 4.681556011680431 5.539259792567636 
4.729190844256763 35.05485418776896 -7.880875901285853
5.309537007587872 4.368181610327911 4.160290658579664 5.293891767728234 
4.649111138254309 34.86832620118997 -3.0906023799621365
0.554849243692068 5.980716139776534 5.638918820163174 0.5669763779111342 
4.68859548920506 -0.023191932259416088 -3.231230412690654
1.6285346082983945 5.866902588212122 5.033138455150937 0.8317634139496579 
4.712093651818187 -0.025070886453353237 -4.689292732694124
3.2330113933567506 1.0271370726374278 0.20118855651193984 2.455376931324073 
-0.055761746590894924 34.91560312928175 0.0013673051570947479
3.216988012266417 1.47363934230253 1.5841259402749144 2.7326805090377575 
0.019141242428839286 34.97487472098167 -1.5189896326117822
4.701387213186507 2.9912401300689795 3.213718369167507 4.221523862117272 
-0.7736367521720617 49.55452138360132 -0.7555258616635332
4.149020530051587 3.2228508479022544 3.2107019613828496 3.947514554179606 
-0.9250138983553604 49.41671861221423 -2.3007281054066
5.727502119848048 4.617004556260997 4.794669639197338 5.566914188595892 
4.696956919624451 34.997655515386924 -7.836645256478494
5.3759399793694165 4.3682351435220586 4.055344123511592 5.242237112091178 
4.750452019874719 35.06199374489244 -3.214565597869088
0.6135045279962246 5.834739594722123 5.67829593180637 0.5597515781895511 
4.671605448435002 -0.12678673620912043 -3.1816075369005725
1.6644894799582406 5.813517422364277 5.0493705315545885 0.7931226083829567 
4.856712537029636 0.05685799429471308 -4.731788195713012
3.116647762116834 1.0837426174466647 0.31210995079157 2.4839308675029916 
-0.011964849375279425 34.90332750962493 0.01119474842052948
3.1361624783722304 1.4692633351705648 1.684078518272388 2.6848448580452122 
-0.010500334098773866 34.874929002347635 -1.5602306161181294
4.7380028751973295 3.0978732598892758 3.2800218176347475 4.195595394122829 
-0.6893351705103048 49.444450284404894 -0.8372092863629176
4.1498393224088295 3.1145864440172586 3.0236464562094443 3.891554435986867 
-0.7869018716695847 49.64006778484288 -2.320684540416503
5.795971311766987 4.793506742010463 4.676414783333779 5.572235987958715 
4.74187536630957 35.116668138682364 -7.820198573751041
5.362978732364359 4.327153348902708 4.074962451921735 5.267772335229965 
4.710630303136469 34.97212036282086 -3.213577121332297
0.5953386776357579 5.865772616882448 5.69715374370804 0.5261190643543923 
4.6826360612078 -0.044843277129090774 -3.178427049615199
1.6477109779637975 5.867645987345168 5.110870576605221 0.7007260657725879 
4.674655544725989 0.14494187914894593 -4.6145267223015285
3.179084902824581 1.092054780753995 0.36507862638160105 2.3828872221156954 
-0.07576251090626356 34.938418726079455 -0.08846378410483163
3.260064098257593 1.5624344262542005 1.6885944011607643 2.666906656623721 
-0.06608905604667294 35.19276950688728 -1.5838145239676664
4.680805025150642 2.9447608365779865 3.280479267187535 4.210387493313779 
-0.8133951169217973 49.431769059421406 -0.750813651819315
4.204727689838222 3.069931188276816 3.190609778751665 3.835424284608462 
-0.7286591197574954 49.678121005201376 -2.489629257016432
5.880729247381535 4.66555143996713 4.789527508206496 5.588956618753081 
4.718053731183345 35.11733769529553 -7.818166345858493
5.336952846508236 4.372083537823865 3.9959214903467517 5.211637329516291 
4.759597265580923 35.10731478094686 -3.1047665355375336
0.6166303432516496 5.9591180247986175 5.666343221055504 0.5082692356192544 
4.703652874542293 0.09640128293627247 -3.166473551699243
1.714222235037993 5.854598640513605 5.092942929940447 0.8320414012690173 
4.740605120105467 0.10824947682099267 -4.698714193615489
3.309261712045703 1.0724107664104556 0.38969472258804816 2.3554886067433802 
-0.07249153768363417 34.855380808544666 -0.0107608371024805
3.1723471595300197 1.389135819318886 1.6484430590160555 2.609822580552286 
0.04089997660493838 34.9434524379294 -1.6012278887390898
4.796213224795265 3.014264492427623 3.1877000037848346 4.175418952162015 
-0.8671451251129061 49.494319829691854 -0.7417814378856773
4.131698891067708 3.12970580730989 3.1344061903559575 3.9781433500893 
-0.7878948852794997 49.54457088852282 -2.386005415010206
5.747706422787128 4.658478264626407 4.821932843849945 5.574962350268017 
4.715634492782446 35.00927559448784 -7.807390648274098
5.341453704450959 4.41453888526074 4.063855278715233 5.241000000827776 
4.648164819063233 35.141535342373984 -3.1430729992677735
0.6380832698157114 5.907848266053796 5.708831430741536 0.5118660278118952 
4.739247811857612 0.08060349762183644 -3.1816299221503144
1.7136512856067467 5.873291887576939 5.042779687802561 0.7953234259398234 
4.695447125754294 0.059818364686127085 -4.722445599420348
3.213688874095427 1.0330444513453376 0.37531946334533195 2.4137999681506286 
0.028959433923118005 34.99357467742646 0.04815222424715968
3.127211331588238 1.4102198444085048 1.6053972942771484 2.651833076657065 
-1.1172314450325032e-05 34.96230426214588 -1.4914150282025993
4.794445123255221 3.0545639959359914 3.3174111070922288 4.102792793285748 
-0.8148300052670028 49.465439801865855 -0.7663311372590406
4.185336161681465 3.159938052212601 3.1537384496636736 3.922734412118469 
-0.8813137764643871 49.532168173895506 -2.3088710671184822
5.801718043570675 4.577964904875866 4.777992350128758 5.576324809963018 
4.741278522201453 35.09836140146024 -7.904452143683156
5.364900063503807 4.318746432426248 4.043846211834956 5.217212428418097 
4.7003501491633495 35.10803520824787 -3.0278119704493176
0.589846577036628 5.9062445984528065 5.719678545081733 0.5462471611883997 
4.681496683729257 -0.04420694844958828 -3.1473492028261463
1.6516335017244232 5.831057870624289 5.157600816353642 0.8675887069644648 
4.741468664894527 0.1287139211835344 -4.645173184745012
3.1844849423979906 1.126278007236381 0.3662552391411075 2.4197716229592987 
-0.04757702833093835 35.13508781363346 0.016987315789087788
3.123859005658107 1.5659213353953212 1.6068195658997573 2.6907940293439983 
-0.004589349095493054 35.291757591586936 -1.5480621405772277
4.709790830492251 3.0228216471193234 3.2261938574017157 4.208422408729963 
-0.793257197752268 49.43561903502282 -0.7063716990682234
4.24595495954381 3.1045590855064775 3.159827071269721 3.9362373417860703 
-0.7906203208481404 49.604350502219376 -2.340614908089756
5.784629169967009 4.668100745909687 4.781292681301791 5.528286441207084 
4.724716515303365 35.09583149435186 -7.782458017168926
5.316366333163063 4.296351521032269 4.123025706730861 5.284854908393192 
4.66735348209854 35.10711666166458 -3.0770570719884454
0.6028934510835159 5.97488226972628 5.624647334654756 0.5079091530295116 
4.67376635878707 -0.02345355741621223 -3.0806300381836755
1.6021891158458632 5.723807697747428 4.997339132116014 0.8487657274752521 
4.669279743369623 -0.10596960839090784 -4.684324689440884
3.221664459929228 1.1456634022776568 0.31010991462633086 2.367448222459781 
0.10624711241640508 34.98802604039 0.024645060825109855
3.145369367419582 1.4429171324379844 1.7558183829190188 2.6711833633725734 
-0.02186377875555326 35.05238500561786 -1.5960398338330029
4.704665243183355 3.1052202247708816 3.145303869034814 4.1864764677004525 
-0.7778803469287201 49.45450566038893 -0.8630825361592983
4.249197516162925 3.0855637214719485 3.1470839815029783 3.9440218589805527 
-0.734986922656325 49.406183920552195 -2.3817768526849017
5.801859309357958 4.61606206376161 4.708520228022341 5.558780371238172 
4.674199083998996 34.973869416475395 -7.843393735005058
5.355596145522243 4.475147043063182 4.0739885335910735 5.2552465134493955 
4.713567157457359 34.88052951657814 -3.157655001021266
0.570534193625662 5.997785983172718 5.733686124886972 0.5808506130181618 
4.7249212916840735 -0.08149848755825814 -3.225197333551318
1.6177642095070068 5.758360360831258 5.1125386737549965 0.8658519893771549 
4.78381530198039 -0.020441742428661445 -4.680998050385736
3.234814679712843 1.014643359814478 0.37444007214715336 2.4039818580137937 
0.013145477696297035 35.071335455953985 0.07420557984400276
3.1719382606331283 1.372146164217963 1.7226754554445995 2.586588431292806 
0.002784526686852832 34.99472384333569 -1.6011172521352386
4.790625482620785 3.015484925905305 3.0682900389067624 4.20059198282487 
-0.7948764093129501 49.47387067837811 -0.9163974872258045
4.198464226220098 3.1362727013512846 3.14568632849656 4.039192059450259 
-0.8106439019653843 49.29354502610181 -2.3503313585656462
5.685241097459107 4.670188198841196 4.775211639118717 5.431448733746375 
4.6805930060491425 34.92490578350144 -7.8381289962518235
5.457603128108414 4.328998691304135 4.034066885815537 5.348604117295931 
4.658543790193321 35.016654345812306 -3.0981747952851757
0.6383770692559729 5.9007975024987385 5.616398061799223 0.597115105892805 
4.724354760580038 -0.06935769255459638 -3.1847098660607602
1.6793916147294736 5.845225065663711 4.956161805996295 0.86173870160795 
4.721413787906949 -0.14462199647731244 -4.574436156460751
3.2111426978625746 1.0628243395526846 0.3094367902652317 2.338843183955073 
0.09730748850711483 35.136283778055464 0.052059583728726926
3.2049160424900673 1.4843311094843143 1.6047412643395573 2.6250293711134214 
-0.017869314735022918 34.97807950306634 -1.4558970074762616
4.746631491317271 3.058137330009121 3.2013158446710075 4.240464384763586 
-0.7217502851101986 49.54256474656069 -0.7070325540259417
4.220243090610202 3.0457320386737696 3.147975513354975 3.9398962624358154 
-0.785778875481296 49.464858919174986 -2.3557499121394536
5.833161640168121 4.619626636270576 4.750280350846923 5.493649956187709 
4.804462297251048 35.05949352731061 -7.798138582358924
5.333838782542271 4.285139435584006 3.984421075514163 5.255504050463116 
4.70837955702454 34.96242629244537 -3.132564004788652
0.6053255940991432 5.964555487812208 5.655526026707066 0.5340537862070097 
4.805053625850809 0.025106536982500885 -3.1394276861407207
1.7046564278360095 5.806324936293243 5.08137048461074 0.7949300111999865 
4.697183857523565 0.08946966545415154 -4.682083493073435
3.185048573235603 1.0646101659706693 0.29234834054060993 2.434678451370613 
0.024346522399964717 35.092424361846675 0.057284495480295385
3.1718431865820502 1.5114759668958253 1.6164912866859806 2.5994063959811506 
0.07342163452862104 34.9535408959022 -1.558011543356852
4.669372758492326 3.0535028276232294 3.286624931736447 4.201310271110716 
-0.7894578652931754 49.501052020853756 -0.8065419964674122
4.256975212404441 3.068283772784185 3.1490569663125925 3.9044858957970296 
-0.7820350527013936 49.408005038243736 -2.2790418863063913
5.7731902036551945 4.640875391857815 4.764779914128756 5.554280900535323 
4.703712141772373 34.954812853405514 -7.86799094443314
5.3177729788414565 4.356319995738373 4.086164506836493 5.214523374997612 
4.720488162343865 35.096984754514274 -3.1443888143006506
0.6191641267782604 5.953890052366966 5.712263698189907 0.4779713242238097 
4.705507930571992 -0.08063952023610033 -3.181161979388879
1.6385789133254673 5.776444375879421 5.098226049012317 0.8945883792199371 
4.775137007283006 0.05075136221483143 -4.7106502904262255
3.142766144503952 1.1035531581712927 0.3415298243990436 2.4382967311279504 
-0.016442611378613827 35.04444127361034 -0.016002126898205984
3.1789089959563093 1.4782391850841596 1.64626642376188 2.67321763099865 
0.00545824400607904 34.902876626562445 -1.5196730706339532
4.69632165665769 3.032724374453992 3.135858904579514 4.1703337340243944 
-0.8497984471173419 49.417953045781815 -0.8346235764655614
4.184489562297176 3.106835909292184 3.180547247471134 3.9095767653766775 
-0.8505711076805785 49.42611032722629 -2.325349944386611
5.799801767635982 4.692313362334502 4.682011415131807 5.529379931967157 
4.690135069889809 35.09369750770343 -7.869597866380543
5.390265317421148 4.344261222976297 4.095711837521639 5.140727261314614 
4.732145733406853 35.06690610880867 -3.13878503588658
0.6424463234691417 5.969273773108583 5.5669899822583515 0.5499300616656632 
4.747920869125298 0.06739796437729324 -3.1317100104116835
1.575826623447777 5.796692177890403 5.12318743088368 0.8788441929220696 
4.755970672481982 0.11628388906439885 -4.65672635300131
3.2285198190974245 1.1299868755357372 0.41217300651686195 2.3361163464425982 
0.031099121561521715 35.07599511749695 -0.006776662960785432
3.2053449654849073 1.4031190443952128 1.6112699016828917 2.6973012449091707 
0.004262576311375499 34.980526494153295 -1.664459560071639
4.695704018021888 3.00559733863116 3.214056701668181 4.298341243879011 
-0.722777662676599 49.430662575650395 -0.7008088213623099
4.212060238071038 3.131973079732489 3.1858641734127398 4.040491839774038 
-0.7455694376263188 49.57558083262182 -2.3514247962672448
5.777625720997495 4.622560188655341 4.803448275399273 5.514680529212931 
4.655181773721965 34.93887867932088 -7.822122528869407
5.3128481955478 4.433641593201583 4.088174907755338 5.322861145066109 
4.697678277216387 34.90910584909344 -3.179109878598182
0.5880905688607065 5.9959589641024555 5.66714920579555 0.5360984188639408 
4.724939570183918 -0.15098269569500994 -3.129226917007087
1.6242230850001766 5.846328538839802 5.11216430596339 0.8056531523961911 
4.678524376625894 0.1372240064573167 -4.694335324454942
3.254418798027044 1.171318965267743 0.3530263067135366 2.4895353958283963 
-0.01090229846686177 34.929825232275185 -0.00444661214894265
3.171232374187966 1.523234371292671 1.553198786007077 2.6492600922192002 
0.03274411107091604 34.99802811597777 -1.556655786083077
4.758384194670945 3.075999208814288 3.2618886739263493 4.2351666342382694 
-0.8096656049219912 49.48628042613554 -0.7478037380709696
4.106851543197002 3.032374882007431 3.1693635198547345 3.9315973016041754 
-0.7590478529445385 49.41685553070044 -2.4051315237077424
5.700928498293425 4.591574913091776 4.7172938224669005 5.479798505607289 
4.609802964332092 35.07935734513286 -7.821694956388416
5.352488104700395 4.383645097008873 4.119175530110163 5.214021116543071 
4.7542558805764505 34.961891826854306 -3.1202435430361986
0.5029956380888301 5.989688957228931 5.654861942613528 0.5019879308240006 
4.754077875951548 -0.00960620515643084 -3.1971704703761636
1.594171947937478 5.724069236268601 5.013834420210633 0.7743279602731141 
4.788788593283048 0.06168754724362105 -4.720560388499236
3.321848343976805 1.01721667430977 0.3202731942924915 2.3778029998562085 
0.07604362879576523 35.07612094935295 -0.03716899084966914
3.1365271546272058 1.51396462881553 1.6564741563763983 2.682769711839008 
-0.05311787803417402 35.06256390007698 -1.676286076892075
4.630796626718107 3.093070899177487 3.304220839372024 4.128691783061285 
-0.8193798888641084 49.384757373413784 -0.7880496936061652
4.241581394759299 3.0634615268453893 3.301221982821589 3.9333910310196885 
-0.6699463515195437 49.25485317445686 -2.4370580693894617
5.890070953359087 4.620778198311342 4.695938682449825 5.512203375828086 
4.714306557097958 35.03672145777116 -7.837042629891824
5.302597081400879 4.407946388374906 3.9842412904675055 5.269301529058043 
4.756718913276541 35.0366341486926 -3.2016662138118472
0.6281759360941693 5.8719731082948705 5.679025453944734 0.5315523561474513 
4.792298152582638 0.08069566160538792 -3.176086102503188
1.6625092243614252 5.8279742335590585 5.129375307098638 0.9058817815990927 
4.709524132784393 0.12628474146189433 -4.762136164147767
3.108658013985735 1.0682167171038957 0.3562845629033567 2.304428159176617 
-0.058669619006700674 35.06557691446387 0.09611557125205095
3.017432222540466 1.5505124291528998 1.6569501959444173 2.542835652505632 
0.02711414104863934 34.97050222308026 -1.4953009914786113
4.718454714040542 3.1030901276039913 3.198925963093632 4.3091986444736845 
-0.7756549709679426 49.30958713624274 -0.8748869017168699
4.1541240744206425 3.0954744748981318 3.1557122388740324 4.094765832826446 
-0.7135401650882879 49.4758944218255 -2.3299620540034063
5.652945541201052 4.630544226985298 4.748860595325049 5.586310420672704 
4.635314977236582 35.124128983432584 -7.840542243645265
5.311651697066398 4.321840107440615 4.086152305811554 5.230021444181547 
4.73267489363871 34.82741147995123 -3.1162357028108194
0.6101141761483642 5.963248851780715 5.6794239155922055 0.4353511858615627 
4.6778010506316 -0.07630942993336547 -3.1493521068646393
1.642225816970929 5.837307644205501 5.181142246400475 0.7858005498579748 
4.6977142245259245 0.16901303891219688 -4.659337520846342
3.1975542522197307 1.1075583517446914 0.39182507816042805 2.41047028679336 
-0.07843283285342896 35.02088356382655 0.032323575158426314
3.18949791177143 1.5193627489944903 1.4834667041760767 2.682710597642534 
0.02614493918780277 35.1049906975719 -1.5342204361334644
4.7112028219312965 3.1478919978961826 3.245271990790496 4.226799846653278 
-0.7647965417578196 49.43496488837934 -0.876309459750608
4.283733049741266 2.97482802803164 3.2420280805981436 3.8939256358845595 
-0.7734887322771139 49.59331568018296 -2.3727309652596715
5.755048229152802 4.691726532585916 4.668498970545254 5.563597942677087 
4.690461878283816 34.81540429306642 -7.861307600163907
5.3727655294788175 4.431470057407418 4.069691033837638 5.157133512627177 
4.726501233638307 35.13065466648526 -3.0760707261380213
0.5985372282467674 5.893800993645324 5.660607821144783 0.5674602165764618 
4.75758036164332 -0.005959644547721223 -3.1142296913384033
1.7767917769884314 5.84520457949612 5.061391491615493 0.9436797785393447 
4.7595166512339935 0.012584133334357792 -4.701489417209337
3.251351197855049 1.111440789389367 0.44632074513596015 2.354126537802127 
0.019135165840635626 34.88551618395843 -0.007796513566534696
3.2031907525876844 1.5141334799493686 1.7302272693273069 2.570664369386539 
0.013135513891665021 35.18614713400147 -1.5069593415750793
4.776715975707966 3.1006186649152783 3.234053792390052 4.1567694211395265 
-0.7865512106296305 49.577707363707304 -0.7690123203910163
4.178402909412764 3.122556556921612 3.197740458925237 3.9340327127328765 
-0.7505350023996165 49.463744860583326 -2.3623692068545767
5.714275017132055 4.539294710395275 4.780938214242171 5.50257150845082 
4.697180966968743 34.957537778465486 -7.844660581910958
5.444524190057723 4.450029300008121 4.2089145999964535 5.340776352127453 
4.707971239149684 34.966824168283594 -3.1370374463862283
0.6319463826763659 5.915289435228421 5.692416628339008 0.43342220800692205 
4.720479375286564 0.07552820727887444 -3.147664731783175
1.6894167092595895 5.873906182537333 5.186633682535033 0.9040735842594236 
4.698292508219755 -0.061299202494488336 -4.697694268696532
3.2724598744010414 1.1033142014335735 0.35090222140061067 2.3708805807202946 
0.024296677881377682 35.005704357648426 -0.02923454322645134
3.2102847729751014 1.5496511037783516 1.6753798201717753 2.6009167261409085 
0.04698328032335952 34.98344139123244 -1.5700519499651058
4.7820634710691134 3.1309664853720145 3.2261500464591406 4.233124394195576 
-0.8254092830429894 49.544391524010955 -0.7536544842857923
4.178322544172133 3.061403896038079 3.211218630968868 3.966026618778658 
-0.7107593079106056 49.402094113199034 -2.300233177020326
5.793610465567832 4.558566868197502 4.73313045394607 5.538378284444572 
4.6227240074676414 34.93519095610279 -7.8624825371979306
5.3504338313592505 4.341382745913904 4.168344305320832 5.305224771144869 
4.742486868018836 35.08145736389812 -3.207185648322763
0.6122163546368747 5.908136595958505 5.778474346933745 0.5390571198105776 
4.728841551446825 -0.013295648329378566 -3.093253859205583
1.6567959599551723 5.740827877608982 5.164615309786003 0.7643216920490814 
4.699589692644701 0.11659910247130062 -4.794919300191658
3.261852007128884 1.1329493728788098 0.3871212618361706 2.447253160387836 
-0.03395231114729257 35.022869944022 -0.04260390196892155
3.1456537142343226 1.553914519076064 1.547345456722649 2.6584923702365026 
-0.04316459747872453 34.97170669650166 -1.545313542138647
4.838047389565068 3.0149943085590794 3.269879968936349 4.219258299772804 
-0.7768071251864208 49.48268675058084 -0.7441733797827569
4.178300079807005 2.97563781949941 3.123892551461818 3.9070693600768753 
-0.8511472116034825 49.251935548996045 -2.273280783767959
5.7772144794254014 4.591752382685122 4.672171533307966 5.598332266938205 
4.719385417510397 34.97751342402812 -7.897208092753749
5.398140298273068 4.4336959623893755 4.064623454621611 5.198949516759363 
4.705371578584898 35.04724536707652 -3.0405930982575584
0.6981894711057982 5.94877497001458 5.696004422369469 0.6415203788775273 
4.637082359925553 -0.1045932291469782 -3.166236639552928
1.712876170830718 5.879386864356088 4.9905601267687425 0.9035865789204395 
4.6916082389016776 0.0956431659944183 -4.764366325222898
3.2568109569215187 1.0991904885052775 0.3547493605569133 2.4451605072945783 
-0.09888328783465586 35.07996615246408 -0.04689509662808083
3.194928898773962 1.4812823606033318 1.7076914971608161 2.6222087956484392 
-0.028488935981203767 34.86822247048722 -1.5237752492634251
4.75548647680475 3.1051444032078086 3.196376665445546 4.239483048741162 
-0.8115758494635031 49.741120645488394 -0.8597904039407795
4.223462578732377 3.085647083548496 3.144873050094355 3.8987544753535386 
-0.8069921952117151 49.607781609025025 -2.3371949033357344
5.727827186109451 4.680689123110594 4.670977403963426 5.505723622816349 
4.6647940422552505 35.17093229505953 -7.860173790665391
5.301267379000657 4.364182761258183 4.118254995821494 5.283088927247173 
4.6447583211982115 34.88207305027994 -3.060444375609399
0.6137402501854414 5.888307944852443 5.630954674600024 0.5416652575998067 
4.6558901935317705 0.06770786629265199 -3.176856459854124
1.678474322096238 5.7757565805068465 5.148638765421298 0.8629083613237564 
4.71010554320782 0.21019754346811076 -4.731259132572385
3.2164700894115312 1.1332751738304279 0.4296668182434575 2.4349522152474594 
