20.0 50.0 0.0
240
0.0239222017245814 34.96329115521822 -0.01242944133202224
1.296689633559547 -0.033735073328319695 -2.2686445069661594 -1.3146989832549678 2.3671361118128558 1.1222239842344306 -0.8609420271831991 
-0.010832485154028855 34.95788839540592 -1.5785484355034762
-3.402233436304496 -4.736390150734925 -7.002783919455036 -6.111012303276955 -2.437174909608418 -3.564711458967041 -5.559254383962693 
-0.7970307486911111 49.298740172491705 -0.7555293022695186
-3.1509398920304985 -3.8047154813521646 -7.6669486517665275 -5.674423945354429 -3.0228635347875508 -3.4917661669395073 -4.977024377605396 
-0.8056615671060864 49.58452028226365 -2.2806653413806375
-1.6464103925217888 -2.3030457611386494 -6.161503746140054 -4.151753054839651 -1.4401003399036436 -1.8777875280278404 -3.388062891565625 
-1.5750541654337442 34.85395390212977 -1.5087185795542106
-2.3325083847103207 -2.6093634431702237 -3.3597753325054507 -3.516779345130541 -2.1616774968290593 -2.1618782094714395 -3.365488012656293 
-1.5591816932563374 35.10064265137702 3.1465540134875223
-0.7251704631687522 -1.1304538042481567 -1.7558304679702426 -1.80834528532492 -0.64435879138349 -0.4890809719363025 -1.70615747888459 
0.04570716746602235 0.07813445520411046 1.574762202783895
-1.2914803494121705 -1.552866873645446 -2.9484390096891873 -2.3677629374685423 -1.418691477394886 -0.9026912248575012 -2.182067775183536 
-0.009854803786051516 0.06802616143745797 -0.0032400868799742975
0.20293109304598256 -0.06176947212415535 -1.4793807461339543 -0.7612485492091459 0.15929895084314988 0.7076187795279746 -0.483529108275286 
-0.07704466320932106 35.063079488059955 -0.0763646976477018
1.256475584312218 -0.07155403094965682 -2.2087170719516243 -1.4279621710980372 2.2505579049825797 1.2037834074066185 -0.829865050218624 
0.08263892686424698 35.175202519011634 -1.5635670528873067
-3.304358733275959 -4.677051163915209 -6.974297270756288 -6.192456234348753 -2.388323665918875 -3.5064821936260455 -5.504851959400091 
-0.8114916722879916 49.527361796877216 -0.8433053469377152
-3.25582100134923 -3.789134722696254 -7.748254636367125 -5.68696005193936 -3.018824736961128 -3.3212034152497605 -4.968772812182004 
-0.812757481091758 49.61756787624676 -2.2875659574624287
-1.5985197069596488 -2.3290368524736165 -6.216502326664314 -4.072208766818291 -1.5057353358843377 -1.9169119877404008 -3.4519586957244663 
-1.4946744841739228 35.19837065241962 -1.5407193590854393
-2.235953333084501 -2.6066373315210676 -3.437610224484084 -3.4434997625235235 -2.21198575889707 -2.1894464105392806 -3.285580347835617 
-1.5858333908991886 34.904837053610265 3.169516125270155
-0.7273115676455869 -1.0781398640759252 -1.8814848547652232 -1.7584232140963396 -0.6375259813113475 -0.6377662170974733 -1.6916671539681352 
-0.02162110914237771 0.11872890136301711 1.699747560890212
-1.2469889539003556 -1.539540313162672 -2.905534308282085 -2.347409053280653 -1.3414199507552058 -0.8672554035569038 -2.136358951453932 
0.04274870919802537 -0.07530716487969101 0.08430647576002054
0.36108711312156117 -0.0231176257244955 -1.4611892983483192 -0.9360848004764638 0.12891406527299928 0.7086362371978856 -0.5446933190879129 
-0.07595243113643185 34.933255043134295 -0.01881509196072015
1.3025779526402155 0.0780460142668109 -2.148210497819661 -1.4385392732879783 2.250670120320637 1.169630667641981 -0.823220047832376 
0.017142253196508427 34.8998506405553 -1.5428263794951
-3.3366007254838803 -4.739973597051751 -6.9754964141485925 -6.087645194864464 -2.4034321685158604 -3.653814385451099 -5.647963944212139 
-0.7666242065534373 49.55923054575879 -0.8007710126598939
-3.2075682852592236 -3.8273106498271168 -7.774310022007031 -5.647449875472023 -3.0004021519256274 -3.4609217013817517 -5.054598943233258 
-0.7005571885996624 49.39118842587795 -2.3434240823871786
-1.6995207763372113 -2.28694730401144 -6.180063530598416 -4.120630716202945 -1.4516672856863213 -1.9180992482551782 -3.5041953369500685 
-1.6858987445004585 35.07979908946766 -1.6167771427126572
-2.186756643639639 -2.646819293634361 -3.3422253946505367 -3.420989726948346 -2.22907442153469 -2.199703558435485 -3.3328041486709203 
-1.6487804872824632 34.92805218056575 3.1705241585461224
-0.7352311699506426 -1.1605246103852114 -1.8550675704306556 -1.8539406910206082 -0.7137912594985335 -0.606017976697686 -1.7412304959453964 
-0.021587618352944378 0.00214354818715635 1.6077892363277138
-1.2646542154274925 -1.532895442663747 -3.05442722815387 -2.4422994070362343 -1.2825977636379244 -0.8798636515675146 -2.1724751332263446 
-0.020723751331656087 0.10973313414611541 0.017949957725380696
0.2981114421552977 -0.0030456292572738873 -1.403270267789414 -0.8937345417834398 0.1458059591031844 0.7035308330722513 -0.6379017422562645 
0.06248023973690239 35.111144084551704 0.017692596779179136
1.2583439049473062 0.000676745896435807 -2.210080339975393 -1.4341889616627275 2.285531993439114 1.1545249438912712 -0.8244062841104915 
-0.13532774216982554 34.8532203787341 -1.5476702821968171
-3.3970332325800787 -4.768859541299816 -6.863038788619496 -6.035901674077705 -2.338507217914579 -3.569048920826716 -5.535659716291866 
-0.7411988797770787 49.31070750187865 -0.7158192705548942
-3.2156251570114556 -3.876303230883387 -7.703297328509636 -5.652157379756352 -3.030852700811849 -3.3746803700180155 -5.0411169019852515 
-0.8221152138803909 49.578093073141766 -2.346164235233304
-1.6035778019648597 -2.4074919819999088 -6.139930887079562 -4.1246542828976835 -1.3904765838490212 -1.6938808654666242 -3.493901417248655 
-1.5955574143133866 35.22597591081784 -1.5566509859568063
-2.3085681651851018 -2.620910048493309 -3.3525270225336654 -3.455243487467233 -2.2005921919765066 -2.1929678331038933 -3.301708651666868 
-1.6082592590458813 35.03576006495093 3.256931547431365
-0.6887161107418618 -0.9966425073414038 -1.8437456830133752 -1.7607828737194502 -0.5466524574258842 -0.6100407614735387 -1.7448055092885926 
0.006013537792846276 0.04943515174682836 1.5974107980812187
-1.2784204723019128 -1.580813444373209 -2.888477377912821 -2.3624532767485884 -1.3703444561403186 -0.8990567547982861 -2.137761774644828 
0.019438248605601 -0.127552756649536 -0.04545686024676067
0.21063835733870967 -0.0441416546503525 -1.4517905917525118 -0.8134543604614429 0.14414746768911058 0.652527683425768 -0.6492831764611321 
-0.009996004203703841 35.04200363680398 0.038438874956129354
1.2924970278938095 -0.06839752126484984 -2.2263227523069107 -1.381814861665906 2.2365698818243436 1.1737758908627292 -0.809725921811563 
-0.023661074419487865 34.96824355168261 -1.57753189091041
-3.4717956238686623 -4.733624126238495 -6.891127123815096 -6.132255952458064 -2.528186084415809 -3.6576408277032795 -5.52993222684294 
-0.7228357197818256 49.6152525371402 -0.7801895411114244
-3.222444545592428 -3.892165720803155 -7.763660359910254 -5.647884972231281 -3.050397583910109 -3.5091293193324677 -5.051741409125735 
-0.8210494256281606 49.56990424774992 -2.33892785185664
-1.659074406253266 -2.2702246445645735 -6.2688443592238805 -4.007597280527934 -1.381318768263078 -1.894977297383063 -3.431706666392307 
-1.5598212977943613 35.17740081583115 -1.6035028979644947
-2.1467570133903666 -2.6762006211695124 -3.4058423938489373 -3.463860496368122 -2.189940267946101 -2.1738564455564284 -3.3472113127717193 
-1.5243996831147868 35.020131288666434 3.080084823981368
-0.6907226528225693 -1.1282066112330447 -1.8693475723953743 -1.717478256694265 -0.7221232272909432 -0.5505975539370825 -1.7628714630288629 
0.02129495201213008 -0.0981197183212853 1.5785083108646054
-1.3383734782394665 -1.6150630752104 -2.833038785962411 -2.3857116222107724 -1.3392311462019606 -0.8643176390892279 -2.0985670318859593 
0.09406186759635299 -0.10514678832294806 0.06409378976532508
0.34476277064212657 -0.013664393245932811 -1.4833439570747318 -0.868941828150123 0.29370344363426 0.6477536469312662 -0.5795564063815555 
0.027173884005483713 35.04005761831103 0.031300750388810444
1.3281448739845894 0.015044526867361276 -2.1958266219260114 -1.3051436164229813 2.2146000393075598 1.1631771690291333 -0.9196350375058273 
0.0474837248864652 35.09749083111085 -1.5024373528537045
-3.4240934418254736 -4.672848754730334 -6.937522557359048 -6.1312523906932626 -2.4342345298729833 -3.5391695554206652 -5.535152339561738 
-0.8141689055241064 49.42768114427667 -0.8045968680895554
-3.2627511431945884 -3.8626296999053342 -7.790503546884969 -5.695082913318187 -3.044133286744565 -3.4272012080343495 -4.995532396181428 
-0.7948869434166423 49.50767510941034 -2.429285848764932
-1.6363823314082073 -2.235177440083782 -6.186584144675413 -4.0127357009557265 -1.4158260527973976 -1.8643983612274944 -3.4282033836061956 
-1.6090546126105947 34.84730094452449 -1.6533982691885565
-2.2458947848864783 -2.686607243878898 -3.3546860705079613 -3.4083906576382588 -2.2459555263022986 -2.2047587128574984 -3.243509711887427 
-1.579026167789204 34.99942053116559 3.1279529395916486
-0.6942606243800851 -1.0408757631636996 -1.8126284153424148 -1.8093195055987388 -0.5495865185811265 -0.621491830921176 -1.7811564713747874 
0.025786474406054985 0.1273661124326679 1.4078626872104196
-1.3782445686298965 -1.615435688530371 -3.06552849133119 -2.469441228366817 -1.3664726566493848 -0.9486710433820723 -2.16319262090224 
-0.00032875590252666464 0.02730307148038772 -0.029938903969126414
0.31610549389857656 -0.04646813784818464 -1.325292927688967 -0.8662794426752701 0.19464312042128543 0.7121821313457034 -0.47574455944731153 
0.0637664006146632 35.04115924452822 0.038113615468418446
1.3045506278120886 -0.03203607208513902 -2.1995673478715707 -1.3634549661243227 2.2871690354786587 1.1514326824713548 -0.7650513248074015 
-0.023731853392439453 35.00307173476707 -1.4848263526759011
-3.5051875817076232 -4.822532754187552 -6.935255839811653 -6.068995272996461 -2.4163200426710416 -3.588923107644318 -5.661016078442521 
-0.786811959957846 49.47218446929997 -0.8082779413784174
-3.1568384761332577 -3.8118635715155933 -7.700531400735073 -5.613808716658538 -3.031366056629014 -3.3940968439116137 -5.023138726300668 
-0.7612558548732747 49.454561535851155 -2.3454959482206346
-1.6119552484115944 -2.2061873279673887 -6.139833841036906 -4.051266415598377 -1.5030952327247158 -1.7770029456338563 -3.4614275535461982 
-1.5922727555384322 35.02825644946796 -1.4624076275366744
-2.301067864206805 -2.6902749249357885 -3.451054175309208 -3.468728907535189 -2.136123242388851 -2.2145476769591936 -3.3790530843235436 
-1.576200617777738 35.03291559718435 3.1967510490062443
-0.715983631613883 -1.0471148159871921 -1.8238766543869513 -1.818194246505549 -0.6783591743592123 -0.6257171555620223 -1.66188142875715 
-0.02899044668544965 -0.04661601820403585 1.5391395007574273
-1.2768160097530907 -1.5581816175107093 -2.9685936755079414 -2.3819343795205 -1.3826127842829021 -0.9239162270265187 -2.076984001934886 
0.02409294900195831 -0.04800714372118195 0.0032009083249854575
0.2994398984116117 -0.04997908229768845 -1.4658461341050633 -0.8942480532331749 0.27838797680622485 0.7020588694722958 -0.5927291101789609 
-0.06374261564020654 35.01567118995863 -0.04431831324847826
1.2391184858720294 0.005651770018344625 -2.1835587304387856 -1.3755574571773717 2.248992990142015 1.150558003384409 -0.807685094389125 
-0.009775355943975633 35.01741907580521 -1.5521623620302503
-3.3941738574897955 -4.74301722536873 -7.051697054452712 -6.051621732053866 -2.4366957228385404 -3.559282009570424 -5.601501047400461 
-0.8104860124002492 49.62332515766224 -0.8460265098436057
-3.1136059195106225 -3.872488611483706 -7.855405177942786 -5.667974071149897 -3.0329033684935154 -3.4094927601172715 -4.89335576579815 
-0.8271462313392284 49.43078200026784 -2.2920471200316364
-1.6208975290698626 -2.4343133596261057 -6.114155562360626 -4.091545328854559 -1.5408200895994046 -1.79323147593699 -3.408171865166629 
-1.5477322542442666 34.937285883138394 -1.5794869653947352
-2.2852654986283687 -2.7008007837299615 -3.378282931230652 -3.394949849164201 -2.164640710778134 -2.195643606167245 -3.3901121685908997 
-1.6683771597626698 34.933665293259985 3.14270683780671
-0.7211486686356887 -1.1706928893647937 -1.8132220782378812 -1.7916632668112693 -0.712837732388182 -0.6779174818974472 -1.776302402445803 
0.005509026784839725 0.12859072453864775 1.6273194273041391
-1.2696184394018621 -1.639344824959977 -2.9074520613207944 -2.332549030875545 -1.3385194194701011 -0.9317220249666682 -2.175961519180855 
-0.016091840534078528 -0.07099496065016245 -0.010791162854482367
0.13282543728238033 0.011436172189484643 -1.470714529060022 -0.8056426888790422 0.26297809423128427 0.703606272432937 -0.518955765041222 
0.041638967142760455 35.0492065563614 0.009969203526973745
1.3362455997678322 -0.02923342368339591 -2.1805102854158274 -1.3617933848629984 2.2256653990709023 1.0894783182081327 -0.8799023704412801 
-0.056989882804718756 35.00270727411874 -1.4895961823955637
-3.353913306104574 -4.731909722083604 -6.893581902078205 -6.117356226373426 -2.380880426204078 -3.611676384699025 -5.491748719452335 
-0.8353792340385531 49.50042241427996 -0.8070578070434188
-3.343923635861756 -3.873741939254046 -7.749225521253548 -5.657312522894195 -3.0822900097789394 -3.4496387515342404 -5.05171426527004 
-0.8551821257510674 49.3598835031338 -2.353469796760833
-1.655341118041022 -2.274530776322308 -6.194748946579497 -3.9532490779470986 -1.4155256434623587 -1.9068078814498426 -3.5017853076707826 
-1.6323765940735522 35.11743155888581 -1.5166831477562657
-2.2270224330038797 -2.6173300820026264 -3.4189035296591777 -3.3819216739595896 -2.1686876616729784 -2.071954169002693 -3.356409764832827 
-1.6189762357774664 34.865354389647585 3.1576711629968344
-0.6630244055274788 -1.1612147369982184 -1.888104683455543 -1.8443478217865528 -0.640974383849104 -0.6198926463213768 -1.682303579263671 
-0.03329943926894471 -0.09351476874342363 1.4654396958796927
-1.3598749996749533 -1.6230018938857589 -2.8882866592123846 -2.3919800944079523 -1.3869597987046118 -0.8822476624239883 -2.0850757123135564 
-0.030933688922056043 -0.04846957627847353 0.00992588048634596
0.264978821900998 -0.024569948822224234 -1.4279214792583692 -0.8275239225590303 0.20008556206901 0.7218342887418316 -0.6242554234953115 
0.017561058572262794 34.88963326414178 -0.05283743859855214
1.217865467251437 -0.013039797302526891 -2.2461599628023663 -1.3768641610902195 2.31319077254991 1.067629010856851 -0.9284095562813547 
0.10700530337452396 34.88508315806194 -1.4927844250205917
-3.4946193964879293 -4.673102449063903 -6.935451624142527 -6.019112951879478 -2.363509808323916 -3.5502919988618324 -5.4966683765942586 
-0.7830484659238219 49.50602248412522 -0.8240936807742537
-3.261801619226459 -3.766164515515143 -7.816985748050522 -5.688242502293535 -3.0446285309979078 -3.4874739494291096 -4.967607130634985 
-0.7737387530204743 49.47882644103686 -2.3919424568561847
-1.6949765518012474 -2.289497078715172 -6.093817293024085 -3.996051285456129 -1.4178978403766826 -1.852349414841666 -3.379680561047461 
-1.5495635607123508 35.064795513832 -1.6109040403619654
-2.187184581411092 -2.7571996191457067 -3.3029337615579353 -3.368089261934124 -2.2655220116370582 -2.095164680777619 -3.387341906053956 
-1.6651074279831295 35.091209067450514 3.215272431139542
-0.7072914588095568 -1.054044929777864 -1.9111452495548065 -1.8255247029953783 -0.7363847663999252 -0.6033791827772133 -1.74307865015967 
-0.03004849181916678 0.03300789153038477 1.5588686140102315
-1.1915092771699254 -1.5204916157158572 -2.925549907870602 -2.352633949788306 -1.4255732583332397 -0.8961782630807409 -2.190768481528965 
-0.0023446548913596023 0.010325999230882918 0.011028412812091954
0.3499691189012145 -0.09970938712896006 -1.4272510103138165 -0.9094831887020743 0.15574786766265758 0.6602198286038535 -0.5869602242079551 
0.06564789547821413 35.10664033956389 0.02960698718093545
1.278092326140464 -0.042982176005579284 -2.211184328670862 -1.3595080628799843 2.2928642957848564 1.0672467379985953 -0.697465803445733 
0.07444196665983265 35.012318399261396 -1.5923178913707126
-3.3772504015906617 -4.708851196534757 -6.932085266057305 -6.19311047151119 -2.389400069652317 -3.5471183679245137 -5.576747886090401 
-0.7302043569084444 49.41991531031185 -0.8264149235212014
-3.1409693477843685 -3.8790416232305374 -7.800590166332201 -5.637424360635066 -3.068310570016978 -3.3788652880131007 -4.967167160208929 
-0.8413695331436303 49.50979417628176 -2.3519735911661765
-1.5865999174864376 -2.182636395891511 -6.1956374734689295 -4.070720294098915 -1.3786947489602759 -1.8581574649868642 -3.391235913039177 
-1.5268146395723599 34.888360383516485 -1.5520311821609933
-2.2351021620599396 -2.6405324637526366 -3.4461549094057893 -3.4892174469017494 -2.1714277222421843 -2.2141469769904436 -3.373486951504006 
-1.5430853950025618 35.00895051617942 3.1700580544293726
-0.6594554861453521 -1.1202436199131849 -1.8743511625025986 -1.8203133800832112 -0.5721252023643264 -0.602836904404084 -1.7646854315974285 
-0.03750392520037354 -0.045549490993850264 1.5579078786162304
-1.2996636196964066 -1.5991962066922145 -2.950472084832162 -2.3736155533965224 -1.3430222660430882 -0.8404171559494036 -2.0954724421414936 
-0.08205461373544781 -0.11407345968302307 -0.12366905873701323
0.3300614300883918 -0.05772084571154974 -1.4079861723908436 -0.8545785722216037 0.24213435946225 0.7349413185679382 -0.5176471887849757 
0.06097127663453716 35.10742447573077 -0.03392369988052454
1.3098107825835588 -0.08659956433917114 -2.2275089731910906 -1.368198618229808 2.306240471831831 1.0890131989845424 -0.7917968844164024 
-0.004656381683574121 35.05523446811769 -1.5700455702083174
-3.3666910370861873 -4.736979937061577 -6.908764757912658 -6.188077133533602 -2.483708023242782 -3.63121601898478 -5.564719160748493 
-0.7326938081058675 49.21128294864113 -0.7356649834717283
-3.2174688435544136 -3.7829506241822406 -7.690283844779969 -5.662358939833657 -3.074479859196607 -3.435117454422171 -5.029186961944254 
-0.8227280350868417 49.534851429216594 -2.505024568270306
-1.6047157643924328 -2.2225868669277284 -6.251928800937009 -4.072074703624336 -1.5244481021718168 -1.8598143261747713 -3.338724053765762 
-1.5363961176180732 34.990206720464606 -1.5613290467557361
-2.255487448940305 -2.6485457536360126 -3.3757734075454797 -3.4135295627535074 -2.1280485351023386 -2.1518127290477795 -3.3227327973095364 
-1.5364454783654384 35.07510582595407 3.221000153919928
-0.6763214137208416 -1.1863212183902245 -1.8191192677762367 -1.782113112187482 -0.5970171905164556 -0.5787813770784203 -1.7198774751854484 
0.041679169626115654 0.03600991440267336 1.6090301088862795
-1.2688591892374834 -1.527642505908932 -2.992516563437307 -2.411047771735703 -1.4080662128370374 -0.8473986833884758 -2.145079476653042 
0.041220825956878024 -0.08723672719518233 -0.018933472155085958
0.2958363663923221 -0.0003022510585503294 -1.4306345710604542 -0.8364081179304573 0.2599053886875967 0.6827725845548482 -0.5956523118307593 
0.04693622738641151 35.029595817858194 0.09847537342485493
1.2380244675829248 -0.061098893704669144 -2.159677654539159 -1.3592503093138253 2.285100416147019 1.1189343057754904 -0.9513639978805211 
-0.01925550678257513 34.87052317664002 -1.5465392726910807
-3.372870978340643 -4.760776486369982 -6.912269018105186 -6.112141535242019 -2.3788899268480925 -3.6064518476002547 -5.486228618110326 
-0.8145983568220914 49.57874886029296 -0.7662253952243254
-3.0798631515966477 -3.80165839998151 -7.7678339453410565 -5.607923781733873 -3.0503126247654353 -3.4033790037384724 -5.0409352533292 
-0.8356925358823155 49.64164743245077 -2.3807756375727567
-1.6621096980984427 -2.3344192444966243 -6.219613823943384 -4.007748530301369 -1.4331454383444273 -1.7618732290471342 -3.560560519420371 
-1.6297364090854478 34.873346535195765 -1.644086421322691
-2.2677593603297206 -2.720846235867903 -3.422622104270455 -3.404553050462744 -2.17522763531395 -2.1836049885476703 -3.345256459413014 
-1.6063392104947212 34.98890875057774 3.1367976650557465
-0.6386997820266741 -1.1427733047302753 -1.8738733534185061 -1.7459402797363486 -0.5904417814230695 -0.6064705856211385 -1.7334190318069873 
0.024411767290665586 0.040465250322878246 1.5244866850901084
-1.3112256063527625 -1.52723831865545 -2.97385909076664 -2.382578199003502 -1.4663790289295904 -0.837360684860918 -2.0630189235249325 
0.04325509835991107 -0.04244171045842789 0.06598677114027904
0.3071183849159629 -0.03007337981445391 -1.404239634727927 -0.745058550879146 0.15044573938044659 0.7958427970224545 -0.5291713030260846 
0.10452876170709793 34.97983480691092 0.001200676625614061
1.2105855528964888 -0.00028377481514016423 -2.209270287660452 -1.3729983001875552 2.252749002334839 1.155956344582755 -0.800894886774143 
-0.0426012007038133 35.02928382321807 -1.5657891636010632
-3.4747278452101225 -4.7847081608876065 -6.880862160961986 -6.023299595241842 -2.439320770129324 -3.5782835114951665 -5.45209978457202 
-0.8049580827006071 49.66111875160857 -0.7588491090740711
-3.233771121353684 -3.9738458585818934 -7.826434654758103 -5.640285939651103 -2.989485883677619 -3.441781173207799 -4.991404152346763 
-0.7469829049029143 49.47641918773318 -2.2751540982568828
-1.6355638690777479 -2.2609459425400806 -6.245660780156998 -4.021026009989248 -1.372436007738126 -1.9179437818920886 -3.5804006898430227 
-1.652074732718195 35.00183125545599 -1.5091358982553915
-2.2613535937644977 -2.6296448374537493 -3.446501780359693 -3.3999819255491697 -2.232634440204325 -2.245951329163527 -3.321688265996796 
-1.6192091389465197 35.04260477027726 3.145403696251876
-0.7245059864307783 -1.0492286811831277 -1.8204473074481884 -1.8244751285547414 -0.624348121332238 -0.577688813776554 -1.8354160332901943 
-0.10667822583444518 0.015121972066867294 1.573819054430178
-1.251317977763726 -1.6107275038829783 -2.9421023434682545 -2.350975812568248 -1.2653818876578486 -0.8116486921282472 -2.1693782757389606 
0.030338078307207333 -0.008414731269211077 -0.003730057588700613
0.29738283291812506 -0.06187782799469897 -1.3131108543109788 -0.7300012338820846 0.1261980623788551 0.7765322411041901 -0.5002310763278912 
0.009279031302965859 34.976702807642376 0.030527573778695857
1.2770424959636275 0.044420029291119385 -2.2057712619654657 -1.2573014797135968 2.360283345888024 1.1416394974006543 -0.77405860623942 
-0.008512095516684639 35.03976519823179 -1.6105564317854673
-3.3808434704952846 -4.749218455609145 -6.873587513636805 -6.087667430668029 -2.4394742919667127 -3.5588200430356594 -5.563387097403352 
-0.8361408203621548 49.58432344367319 -0.7753256570078801
-3.250906122057993 -3.8448090188713326 -7.709561555748171 -5.513626966026104 -3.0448353444233645 -3.4354334637861936 -4.962112408823548 
-0.7035884103802127 49.61936850139534 -2.3644133264253258
-1.6986696927908431 -2.264905409956292 -6.283865772508991 -4.133476938525813 -1.460874229336378 -1.8754267028904283 -3.4506076384611206 
-1.5499880421372911 35.085837991042844 -1.6295276086045591
-2.220360640225332 -2.695533329658416 -3.343515022287207 -3.3740029563146647 -2.1844690588508584 -2.1115033807678008 -3.224119561407146 
-1.5796105195401087 35.02710359389301 3.205651211345233
-0.6291673275013369 -1.0131217478775243 -1.807176685166814 -1.7873111748760182 -0.6120879977961822 -0.7089100997897281 -1.6744204350305534 
0.019953550076529963 -0.009555306238479439 1.5055651463368482
-1.2863050234755777 -1.5749001109619913 -2.972865082900182 -2.3830866603611542 -1.4626667056100449 -0.8628916141529802 -2.1168827502330925 
-0.003193289628796966 0.06933624247088398 -0.037030059335353194
0.2775721347521236 -0.03934506093589328 -1.387898038834531 -0.7811802137536883 0.2476914628483815 0.6870727359032709 -0.5884195337215979 
-0.00449263831586313 34.99523042822769 -0.01032531226588547
1.33581698272219 0.015537037939845219 -2.20958886610283 -1.4362317304125485 2.1906316222122513 1.1275015073632748 -0.8800434909414686 
0.11446675715228205 34.98833235092291 -1.6102516256308834
-3.3652168703964276 -4.741458710577742 -6.877777197849314 -6.097159620867989 -2.443300375977016 -3.6251168903276763 -5.454578961115475 
-0.7675005295927531 49.33343511678871 -0.7553141656764563
-3.2260380776760615 -3.9237290675629537 -7.663890024868875 -5.623781226117141 -3.026348353262047 -3.4538706754047834 -4.926634736791158 
-0.8476689491954896 49.526758780959604 -2.3377656540806884
-1.585779808734511 -2.1875975216881236 -6.249450126803792 -4.048214300544734 -1.516770892536077 -1.7729349665009215 -3.3991581109549185 
-1.5818380949257116 35.08133373724759 -1.5401919057854794
-2.300420399690154 -2.635430197989501 -3.438568084670289 -3.46048403675144 -2.1471256237507874 -2.1638361075751047 -3.2545711388561203 
-1.5827818813960508 35.06371012714976 3.0823801702883706
-0.7402061646429308 -1.0546672585151824 -1.9051251129912756 -1.8154393602281802 -0.5524517325536501 -0.6069865836007912 -1.638811187928558 
-0.048059685800529446 -0.22597376250768997 1.5540680277872725
-1.359996682580963 -1.596615466180004 -2.8816731079818134 -2.480634527793258 -1.4691521996755192 -0.8442889799499027 -2.024335473404818 
0.02706754180587835 -0.12262418777114091 -0.023621655847774335
0.299368749340094 0.012535402442506583 -1.2956904586809612 -0.860806801834773 0.13257592970989962 0.6910154990462432 -0.5363293541091749 
0.0006364903061867728 35.16868779027688 -0.012475838262000256
1.3223428991697657 -0.09605891529581859 -2.269167400205845 -1.4393786851254866 2.333505783088573 1.2313295357173577 -0.8379005894894045 
-0.029111867248087616 35.108437559331165 -1.5297153250249462
-3.473100180713858 -4.761243775170154 -6.836486968508263 -6.14113613708417 -2.4746802863925326 -3.570797261301209 -5.563031313834842 
-0.7632999600204121 49.34996920902672 -0.8142303579283142
-3.23961881275351 -3.8343980834300093 -7.762508570228582 -5.693706849769934 -2.980356251294152 -3.438236899119013 -5.026056201591286 
-0.677573353289073 49.61251880481775 -2.3580236096125664
-1.5854610738461477 -2.303172061530865 -6.2860359182913585 -4.147131257285187 -1.4366088028194985 -1.8515402705792883 -3.476359243836055 
-1.6376989447550254 34.91167139995343 -1.627685476960541
-2.2706329090154624 -2.618799325316238 -3.4366105955923323 -3.3866377981139384 -2.1627011176445503 -2.170197829957947 -3.282157764357867 
-1.5946266247597656 34.95206908424091 3.1747471863862544
-0.6664258173644179 -1.0789908023031234 -1.7874281099296463 -1.8593766044001514 -0.630258431968538 -0.6538280547441759 -1.7312360069705333 
0.06808406330039819 0.04044556710299187 1.535935744508917
-1.240971172088863 -1.7115830545372024 -2.8676465608111408 -2.3792518455488936 -1.4041073027710025 -0.9282802868917995 -2.1537973838796964 
-0.02196603207830883 0.1039805905806764 -0.028319549213741243
0.3377783428445382 0.009576542492098489 -1.3455242488372992 -0.7741346637510365 0.15988376729170845 0.5830499913029604 -0.4726631308821149 
0.012436748625710191 35.036013225156736 0.070202195438371
1.3188673681985015 -0.15490767927864607 -2.2569980872792534 -1.3651348319704262 2.3056630268340768 1.0950835144018018 -0.8168616068722307 
-0.009199323280139917 35.07582601899749 -1.5384338291743196
-3.4063129828389207 -4.680879843868944 -6.928668502443174 -6.176671770752848 -2.4987189525881313 -3.536336782926686 -5.559763688153002 
-0.7866652982949285 49.511841131805554 -0.7461797159974632
-3.2606476026287807 -3.862100886697402 -7.759913113417393 -5.730310815177854 -3.0116435191321576 -3.3095988889844166 -5.024271106053472 
-0.7079767927786758 49.61196139350378 -2.3318800984606933
-1.6739190073475483 -2.2883828598141984 -6.3290317376140885 -4.017297437873861 -1.4149853659559144 -1.8802498747773277 -3.3868358930770173 
-1.5969250429822424 34.92446892072397 -1.5106994735055743
-2.2982625152299248 -2.6668033011775796 -3.363947942357966 -3.43099093255125 -2.1809088748986962 -2.20574693281579 -3.3289405401297043 
-1.6550396163815728 34.96628548970712 3.2038938290858794
-0.6306226893063532 -1.1112454429305927 -1.8950428930708456 -1.7317352393229928 -0.6351242707711672 -0.6086094980501696 -1.7390193967527983 
-0.0192739761179785 -0.13216233830242305 1.5589810479631214
-1.2680773725688126 -1.51566246876713 -2.925762742370146 -2.4060380447837098 -1.3452825166510698 -0.9064062731466781 -2.081588580909204 
-0.03439707714213008 -0.07519430931162283 0.07996440422309885
0.3055016462896994 0.0009990968850757866 -1.3343945432131041 -0.8427509069995359 0.1558352961788632 0.7139770008324321 -0.5418328038111699 
-0.043351095690486785 35.0509710768809 -0.045976032997236176
1.2135338449839672 -0.07737119687002356 -2.1965491967753854 -1.2842506446607904 2.2838539054929177 1.1149565141462732 -0.8046903616195762 
-0.0017329880790269273 35.00557672501759 -1.4574554122655012
-3.279989752170733 -4.7722615770634365 -6.900470805896442 -6.098147447274613 -2.4539709591233265 -3.5639175459558654 -5.554740099136083 
-0.8019307329909527 49.604028507724706 -0.7745000900717657
-3.267934824928813 -3.9376183363469446 -7.82600811792177 -5.667415357923461 -3.023894733939859 -3.438269488391197 -5.0187131549709765 
-0.8082097515444271 49.37417613071827 -2.410359030293909
-1.5677776307851456 -2.3489953387181677 -6.2164375556777465 -3.9844427529359905 -1.4841318309943896 -1.8589550149620138 -3.381414229529278 
-1.529076170817742 34.984741938215485 -1.5931674092597217
-2.3564711549350448 -2.5961909840425736 -3.454443674958796 -3.490431342500359 -2.2275264019888987 -2.1080935018786753 -3.389785652881512 
-1.5789977436386027 34.76849473332779 3.12645579994558
-0.6071144347743502 -1.1145171716802331 -1.73766400292315 -1.808124420029202 -0.5964391684446796 -0.6192013686714246 -1.7752520627070436 
-0.057714998222001705 -0.05268120077773746 1.5360428414341936
-1.2620105542460958 -1.6556361618149686 -3.0136905548823423 -2.2766725360880673 -1.375358727344564 -0.932454006116137 -2.0730243021347 
-0.05087701100857831 0.10010434887365266 0.014042811631523705
0.2805178802600547 -0.043672083724673946 -1.4494767305341465 -0.8312681926830732 0.13147923637638304 0.6934522135894939 -0.48313465013724893 
-0.05672572400216778 35.16731293623125 0.060903206034787896
1.3839464265424402 -0.07829245660728835 -2.196783610641449 -1.4418641248358455 2.224215900730187 1.0827466292530405 -0.8372681285407091 
0.010668299308165055 35.06308174504316 -1.5418188187040571
-3.28524753914431 -4.683946074583323 -7.0598699027335785 -6.13174999057966 -2.4167880485887943 -3.5414457653418343 -5.537673022958316 
-0.8200492870975732 49.58429020703967 -0.7573298739103153
-3.1628342111725485 -3.862916502017235 -7.7704900761764994 -5.616774043327747 -2.9987621981751973 -3.387505236248276 -5.005505386787094 
-0.8179860840756021 49.339076365601585 -2.361876612759277
-1.6095238542636165 -2.254959922675692 -6.198100433571533 -4.100022470463274 -1.4453644376258536 -1.9252791814554961 -3.2929786082574313 
-1.5527317453230687 34.94268189834708 -1.5963806795241138
-2.212806764957736 -2.648759035162356 -3.42956604411455 -3.4120529880324355 -2.2586049893196405 -2.2200087049876 -3.3563143161121203 
-1.5379597700112098 35.06660436978996 3.1366744956953467
-0.671390602774043 -1.0757526020655561 -1.8483038508701786 -1.8661887888374868 -0.6842331545676472 -0.5436509443162812 -1.779744991891374 
0.05102067559374958 -0.03431643284069362 1.5260242527030854
-1.3278806042827551 -1.5732244847162988 -3.0921994009921976 -2.3706563068303064 -1.3981938162202292 -0.8330547845224179 -2.137497780573059 
0.06917452123696734 0.09594399419409877 -0.0010626097514134104
0.21461795617568857 0.005413256111224047 -1.3341779232661968 -0.8040646490580589 0.26798466558081624 0.7063143232188691 -0.5029208924961336 
0.05841473818500714 35.18601354545537 -0.02302926793832055
1.245130895957947 -0.03821091582770302 -2.258044805219484 -1.3708217165962786 2.259233094338151 1.1533112116364863 -0.861642470001951 
-0.053695197063898505 34.93881345067303 -1.636544017007101
-3.5038703883239366 -4.728532663138176 -6.912080950838259 -6.087929638119668 -2.404181776300178 -3.6273447560770262 -5.5895136640605525 
-0.8591057491950426 49.61240615928825 -0.8867677604896602
-3.205042500305508 -3.907499179692835 -7.773227095169355 -5.5717747343901 -2.9864642505889125 -3.4455020448366414 -4.994982418612601 
-0.88170621868853 49.55493686681158 -2.373625565579996
-1.5647427979675452 -2.240057339245021 -6.2127980544589665 -4.132989579071457 -1.4674585245374612 -1.802261278678785 -3.4155393511447185 
-1.5207341019441418 35.01772765061208 -1.572703671659873
-2.3999014585729936 -2.568778061005289 -3.4626142711009646 -3.4768492958953554 -2.226132678266032 -2.2072233120000497 -3.35454615783448 
-1.587920506992662 34.95033922476952 3.0796576713220647
-0.670184917081985 -1.0496279186257975 -1.7830806981532845 -1.8467988530620632 -0.7052987296392927 -0.6951066964084129 -1.7731878158912509 
-0.1057022795574034 0.004679441761458586 1.6005395553701505
-1.1778078766355493 -1.641544367402737 -2.8904520616322755 -2.355041566419371 -1.351404336664694 -0.8362584033297271 -2.090870732616289 
0.015367807053336319 -0.05246367982347429 -0.045533793867624524
0.28654303623718197 -0.07111874438083285 -1.37863805520004 -0.8798512068571419 0.2105947301827986 0.714938797095024 -0.5377558636124136 
-0.03382347190299339 34.961196987318445 -0.006237549750144217
1.319424671878354 0.06480889053899225 -2.2364454632485145 -1.417027288840413 2.2926065343163953 1.1827875077233962 -0.7969645565488703 
0.10769360688029073 34.92917669720623 -1.5655894323745612
-3.3085468190305796 -4.723756463966606 -6.869553890112712 -6.077330612829913 -2.4305430288295216 -3.590153427903959 -5.592448416062305 
-0.7653788030267958 49.28517458621659 -0.7425672822512426
-3.2508951902185275 -3.8529939769438704 -7.781595104117436 -5.679544223984046 -2.955461463806665 -3.3879083381062363 -4.970800741268715 
-0.7820569955145993 49.42699303650065 -2.2974081894938054
-1.6672845384357513 -2.1859916756832334 -6.26028712460835 -4.087806935462552 -1.4345215047821112 -1.8118129889275707 -3.392519391987198 
-1.6242980928675315 34.9609271866964 -1.5447026095186547
-2.2393837222334416 -2.581306017982282 -3.422955665297808 -3.5061215071097775 -2.149091142191171 -2.185207690263036 -3.2351364320997855 
-1.5895345038153081 35.0068469789889 3.12803335685552
-0.7484071600861385 -1.1489964020834722 -1.834420653004731 -1.7704096524488138 -0.6203835651062215 -0.571537432790128 -1.7464563453361222 
0.042168625545566316 -0.32235735564376716 1.6010953181867567
-1.2522115466384656 -1.5789160158765347 -2.9398464968238383 -2.307574218269061 -1.3553813241520012 -0.894185184120383 -2.0696595203646324 
-0.031398570607006356 0.017495527954226205 0.09350820729477627
0.24369145803194608 -0.04472874691728077 -1.4156226681951394 -0.8326466644353644 0.1393894104916338 0.6552248709073936 -0.5935473819190265 
-0.03364241860935912 34.950185301880886 0.04621329337752065
1.2712558822753497 -0.09152093112594689 -2.301773841766813 -1.3148870036166882 2.2036323947212026 1.1441892489383454 -0.8122743159900074 
0.01545020545907548 35.19443092553753 -1.640886531272863
-3.3786972607574963 -4.682012854806849 -6.909511368321863 -6.115707850946618 -2.298930811260351 -3.5692936630198333 -5.595611275868107 
-0.8096874147679433 49.52360814119483 -0.7799995295692745
-3.2086067912201535 -3.8460256066271534 -7.721462716658602 -5.701641814999289 -3.020293995841116 -3.341497733213976 -4.960057673903045 
-0.8505597509840878 49.44325392153296 -2.31325322692851
-1.5830273457523032 -2.271489911030684 -6.288511807894959 -4.077938012779573 -1.435455854774933 -1.8225060243508173 -3.467115501455984 
-1.6090375441546523 34.95739108895599 -1.4897735659674476
-2.251391454683746 -2.642332733917222 -3.442523404638701 -3.3250846663631224 -2.217356648430516 -2.1724025638177418 -3.146328794802727 
-1.6131325531760874 35.09492429698115 3.0908844532879445
-0.6402105344079881 -1.0198888938248996 -1.8848165833291948 -1.811830273535942 -0.6762749509922331 -0.6677645656008211 -1.7815511980353205 
0.049645562995818515 -0.14357289015126548 1.6429708262034812
-1.3093533751368784 -1.5743215449975985 -2.9000414854928023 -2.3638226664116577 -1.4085887209055716 -0.8337915833592752 -2.175680978681495 
-0.01955192641952876 0.02259599000476549 -0.03912715590134317
0.30202609007741593 -0.01505340452400454 -1.393061033897487 -0.7849828848642966 0.25280884269847675 0.730048603323141 -0.5581839559162591 
-0.07302943844965883 34.902608102573545 -0.08140022558562217
1.275139129671428 -0.03788191462830058 -2.231323716720553 -1.420743984583974 2.3150794060475084 1.1365155653875998 -0.8641450302852696 
-0.15432659539159155 34.95103211484279 -1.6457763567757737
-3.4545019941667054 -4.676740088352622 -7.002412418642767 -6.092460140944174 -2.425385918056958 -3.5952086026085395 -5.548816868414612 
-0.8404069616723117 49.63956620764831 -0.9178144244990845
-3.242305055354154 -3.9082144014078546 -7.710815611401086 -5.670519289231557 -3.0499299413040424 -3.306973979246613 -5.02507901083119 
-0.8146323345951437 49.42682484108522 -2.3557251185594983
-1.5499778175348808 -2.235774541610618 -6.244588173402001 -4.104915363885913 -1.4897527930916348 -1.826239784894115 -3.478076773132355 
-1.6181067875849828 34.95519934666285 -1.5813679840572878
-2.197182571071846 -2.6200093062791185 -3.4143414095263225 -3.452545143275855 -2.1140340267944775 -2.28243448039658 -3.238769215327916 
-1.5566859861159612 35.142254467872974 3.2392982639031844
-0.6496339272741123 -1.11921824682688 -1.8860142163016822 -1.8367610130658776 -0.6672257972878043 -0.6496360329424404 -1.7998754929608836 
-0.012535234264375411 0.035478901564824854 1.5398125895222399
-1.3927449901312607 -1.5852228720362966 -2.9923471926639986 -2.349790017034633 -1.3125118750486653 -0.8979577634889111 -2.09096402391885 
0.049504593005601824 -0.04925616696997751 -0.0030610773234902838
0.314180614317192 -0.04407888563811464 -1.4376485654884212 -0.7856155962774464 0.24116173978927855 0.6414228102567356 -0.5521110441671732 
-0.02893922224901424 35.00346954410178 -0.06802692779761359
1.3278597559171719 0.002859767417886447 -2.2108677893885407 -1.4432144290019209 2.183004686693075 1.1181345876224649 -0.8092430127487635 
0.032864618289374904 34.98077261830511 -1.5395684828120242
-3.3812192527488474 -4.748769054750295 -6.892095550484319 -6.129138211937462 -2.3155437386110944 -3.6454562073384973 -5.617779714081568 
-0.793995358854999 49.49061573551459 -0.8464875299570487
-3.2933670284081784 -3.872716191544903 -7.801299347906293 -5.731365546082102 -3.0820770193648563 -3.4859692219918386 -5.03979891796099 
-0.7981048753579906 49.622171096504715 -2.316665186429564
-1.5517671859061313 -2.2711127216683904 -6.229004975077772 -4.003371653113923 -1.4455679171819154 -1.781062745004528 -3.5092969797799163 
-1.5786921347002614 34.93833267051016 -1.6159000318038792
-2.295040007884222 -2.656456719930366 -3.3092312959892474 -3.4506155029980046 -2.2435663531662513 -2.2072514762175777 -3.3541573080501195 
-1.580220010566589 34.930164050055495 3.1701950217404606
-0.7199255359138458 -1.0810716308122967 -1.835322210341537 -1.8805859077409783 -0.6496004982966718 -0.586582036574928 -1.7934049836183916 
0.03111301087942065 -0.017005019780692902 1.5764956444888059
-1.3347847103151125 -1.651704465293598 -2.9767025144762105 -2.363941807090715 -1.348179450450925 -0.8501848609766566 -2.149708436530024 
-0.06315998277070392 0.003997397933394121 0.05251126758527892
0.239592472642878 -0.0061851085676237535 -1.4842385923840271 -0.8173761598114194 0.1999382119150328 0.6579587032576859 -0.5308152350899779 
0.07869317141554738 34.881008771799436 0.05198791705631729
1.3592314634506615 0.020962690618725965 -2.2411338447802396 -1.361426582404452 2.2262725189623023 1.0893519660950695 -0.8712366719659408 
0.09580966800805059 34.962821360710535 -1.6047655270127954
-3.3544859471346755 -4.7004956368361395 -6.896301600408197 -6.11294712254012 -2.519539907816719 -3.63452491565071 -5.6360928241812 
-0.8514242605604811 49.50504266999263 -0.7139486204928516
-3.193194913881153 -3.8089459850388474 -7.768380197783049 -5.641681463131643 -3.0530463206568963 -3.502221555932913 -4.986507918339672 
-0.7957792579538925 49.37778790329784 -2.3301728795974714
-1.6274168675951661 -2.297520265434583 -6.235792690621392 -4.103678733223019 -1.328005437481658 -1.829264700394452 -3.361116998343845 
-1.553521759667218 35.22306822177078 -1.5385362331770844
-2.223423553632838 -2.6967822349311885 -3.377963899129324 -3.395149643987611 -2.1956896407710156 -2.202979666740583 -3.270919152897581 
-1.5626889700949227 35.041153602561366 3.092208694046873
-0.6910697962782879 -1.0293549600679743 -1.893722767827788 -1.8091415569339262 -0.6081200882803328 -0.6248775301935682 -1.8337771385919033 
-0.01174514681886816 0.02031694587282279 1.6059953954997208
-1.333559463244313 -1.5593350834210777 -2.962181057567529 -2.4757342344561835 -1.356406586486655 -0.8966000478503171 -2.1890360548916346 
0.04590411249157428 0.1355698642965177 -0.05092725405605008
0.2238803012320222 0.041916708827210936 -1.376373266892233 -0.8212337591424428 0.11078732286021103 0.6190817175924678 -0.530201238169125 
-0.056655579286809046 35.008887995083136 -0.01430063025807167
1.3142812710771552 -0.0701828973217051 -2.2096351274954773 -1.4485768732478355 2.311784196181274 1.1410825242111282 -0.797314684970306 
0.01827359204904444 34.94957757323921 -1.610857477233768
-3.5168684457895765 -4.735191683859246 -6.892987437415597 -6.174361537051852 -2.408215320099716 -3.6495573510259893 -5.556887784209804 
-0.8364707790860579 49.66297950974202 -0.823401054927823
-3.2910845630973404 -3.7602861097649742 -7.742490910161805 -5.708312139237274 -3.07659248622494 -3.387078938242323 -4.9552952110514745 
-0.813342949050353 49.56435503693217 -2.3236050766026715
-1.654368866052473 -2.2985719604875947 -6.222489238551976 -4.015674890366134 -1.4351373060606094 -1.8150519990319902 -3.492049740675167 
-1.6256445206338312 35.089051594232366 -1.6245746535446286
-2.1887995272003398 -2.677307376924164 -3.3857303036239195 -3.404229853474636 -2.175027423782882 -2.1421329316635154 -3.271094758385898 
-1.6586569170518808 34.938543020355 3.13121610435654
-0.6944880562052641 -1.1474107269744254 -1.7588957513792547 -1.7160739530214668 -0.5581537973073634 -0.6457054921412217 -1.732610765433459 
0.05033826106078357 -0.03016750200355936 1.5596044080792928
-1.264206977282806 -1.6261284117286057 -2.9005555366688016 -2.397327811221833 -1.3520726420817815 -0.9235506459898066 -2.1506086849958157 
-0.026747539664376648 0.02529653544420233 -0.06332110936820994
0.29727165931942384 -0.06516784751706266 -1.3712668069506981 -0.7070549486264236 0.16857750314657569 0.7074438723115111 -0.6324841983277079 
0.06150994612985573 35.113566358029324 -0.06508542988033025
1.315908119850923 -0.0011373490413990814 -2.2285919204797247 -1.421758033993354 2.2875996812714225 1.103186631331796 -0.8701165212323652 
-0.06929019228408995 34.96915641799169 -1.5218557901391787
-3.3816952674111174 -4.788223979046419 -6.926478745913581 -6.088631959143223 -2.287358486856481 -3.6139759097199957 -5.519051499721672 
-0.7426558225929987 49.64273323930263 -0.7981947939818974
-3.2404213905898014 -3.916550313547279 -7.794995210546748 -5.662527488721015 -3.054839487969021 -3.4538293834297007 -4.997343169953383 
-0.8015553696188819 49.478733822093396 -2.2740334447748367
-1.6987192103842348 -2.2748514944632148 -6.099859616553251 -4.051960274682513 -1.3598660247196541 -1.7880277584296422 -3.4881204075566052 
-1.607682820926471 34.97538955217499 -1.628965941728385
-2.302318963969036 -2.6366040440950362 -3.346333475199989 -3.3904829803032435 -2.2055628257677493 -2.151752200306123 -3.3511000014645056 
-1.549317971045099 34.80336776339642 3.082255551644231
-0.6766992121041913 -1.0351249302455063 -1.8390200900234555 -1.764592092780241 -0.6354501349687258 -0.6942289404795087 -1.7625531932837912 
0.009031837111329225 0.1361845275586678 1.6420668665611171
-1.2916877935178404 -1.6779490693688004 -2.9619152125620785 -2.320407199200148 -1.3766375165835212 -0.9481418479465695 -2.01939564697049 
0.012129147410587451 0.029350178667124322 -0.1227200328747543
0.23631480768929292 0.0600955887101652 -1.3956055767468465 -0.8661959260505899 0.23495959793232762 0.7096153553241032 -0.5304303257657759 
-0.006189833101078793 35.0870143749267 0.0034642751996495367
1.2676826051474996 -0.018972802765619495 -2.252823220278241 -1.4142419553910643 2.2325711320106647 1.1467979099634444 -0.894649509501448 
-0.011051578299279196 34.97561173764961 -1.4670273469988437
-3.4435462584684986 -4.629056486823059 -6.976754264432724 -6.102463717564291 -2.3541796505547747 -3.6010419450693507 -5.590665579621647 
-0.7739421874302151 49.439118041058926 -0.8555822355793626
-3.157905092743043 -3.889537387033039 -7.735418049366092 -5.624835765501941 -3.0172154960168363 -3.3518928804232586 -4.955170288960211 
-0.7041708900733916 49.30956526313896 -2.3085475172201
-1.594442017599802 -2.2525194905801365 -6.174569272312538 -4.056749980168764 -1.5110761861420552 -1.8819836932648255 -3.469033011689902 
-1.5868120301838158 35.015527618134236 -1.5588270498513384
-2.303500838911315 -2.7356019852679485 -3.364780647143293 -3.397381112032872 -2.1161177068329855 -2.169592823783905 -3.231643324290084 
-1.5548026690451149 34.89993726324649 3.188069574396205
-0.6600178454394505 -1.1625570836335202 -1.8431347266331581 -1.799364082766666 -0.6425135941237097 -0.6443872280902463 -1.763765206379432 
-0.034225421627943606 -0.011281409380709763 1.6106292820071577
-1.284933428909601 -1.5980950041089501 -2.967005565274054 -2.4675796345566385 -1.4772175986676093 -0.859972908319012 -2.154445825863074 
-0.010947810390134852 -0.046097348544620005 -0.04438761851643902
0.2140738265968804 0.054752639842878016 -1.4770934034708139 -0.7995571113086277 0.19244834866525137 0.7265597989393607 -0.6283305277998765 
0.008928573843907285 34.96254116611423 0.012344815466020113
1.240116736783285 -0.03423677547403599 -2.2037779886515176 -1.367496038427138 2.1792341846293293 1.1118002776842475 -0.8586925913807967 
-0.07510066397277851 34.99466446757972 -1.6272694233130465
-3.307642741842969 -4.720411285654442 -6.9308328941587005 -6.113216008657584 -2.479963641039553 -3.564284692874995 -5.547416332194439 
-0.8015506641427846 49.697127938512374 -0.7704915394291605
-3.209663630403745 -3.84358859413675 -7.809579976560011 -5.699363977562203 -3.0413380596066584 -3.438350335817476 -5.056842594972607 
-0.7170934525680674 49.51189172253651 -2.371616150132039
-1.6820444578085874 -2.229900317027727 -6.186540489504445 -4.151914044732315 -1.484367880534953 -1.9002398439509314 -3.3922813296800656 
-1.5705968932716725 34.70655803933403 -1.6032136900996052
-2.1826228100441103 -2.7261066485333103 -3.411778743004768 -3.3356804559111595 -2.169018607748513 -2.1853149343010037 -3.236106285591296 
-1.6034566842288842 34.9352486871263 3.088516361042887
-0.6694592382868144 -1.0361951848877835 -1.9036730243076694 -1.8501500329519376 -0.5980151024646628 -0.6432543341182282 -1.7660937843673201 
-0.037084903221927756 0.03365769607448138 1.5291207376232814
-1.3165567251708639 -1.6711372422432063 -2.950384414548013 -2.465937338185946 -1.4017378364300122 -0.9418836187253592 -2.12957936870689 
-0.0909238491976717 -0.10224498898290801 0.02490657402943919
0.2938761887126109 -0.004125127135276007 -1.441255313307068 -0.7887167862888261 0.15928189012628746 0.6990291193353535 -0.5452600089496146 
