60.0 70.0 -1.5707963267948966
240
-0.03997397936402164 34.96961351681887 -0.07972712424930078
3.9355402492212344 0.9769421919750177 5.331068098911322 3.138059916398512 3.265550003943818 2.1351432634534215 5.2466940448432275 0.1334596879565024 3.525979022870323 2.7545399164214803 
0.03874576644174596 35.024423836479194 -1.5116335052334868
5.596231331896544 2.560161303021627 0.5561874868738106 4.63693384314601 4.764706389763164 3.5912101333229205 0.6448947722447069 1.7047830427081045 5.136737827841304 4.485396721924201 
-0.7332514732310598 49.37316180525152 -0.836318906877702
4.925696691580981 2.741415732831199 1.9911705572356067 4.155698692916579 3.7907056824436736 3.336254950525329 1.641943942687023 2.4959579853033054 3.9174883451239872 4.02957242944249 
-0.78510376587262 49.53481030125517 -2.3605351224160693
0.2186643177799538 4.355443008231226 3.5699311212319595 5.824192950545503 5.337466604394374 4.935438096388856 3.2048898892292907 3.916289428831864 5.3728998128213235 5.5846933524432325 
4.724446260138425 35.17999320249011 -7.86298257671169
1.25921718672481 4.0567751011906665 3.35073490578388 5.290917530328637 4.4369746015706495 4.294102314661094 3.2450008975409443 3.7055806985412705 4.182479388953984 5.252821752915877 
4.779821621843281 35.085039385614536 -3.2288626381432977
2.717059431238812 5.546550811778865 4.902078883433896 0.6603608900648568 6.060556794988364 6.01278042694993 4.800639132748185 5.1696543541701745 5.828336275548773 0.5568865023775711 
4.7399735389844 -0.03864787573340959 -3.2121288824872507
3.0522025769573413 5.2858277387539605 4.278894246908455 1.5318595112674085 4.540053126029666 5.571585675704533 4.198576660348658 4.855665053302948 4.147688326993795 0.999499159992822 
4.722016574727561 -0.08255646746708162 -4.623057948037614
4.681546176593397 0.5439646121140567 5.7992700214274 3.020880012303029 6.019656472021029 0.8783709472925958 5.831925256511246 0.10832397026628057 5.664372929503557 2.607145435695213 
0.054547618048495575 34.98681918031291 0.023386922341679568
3.954262000700798 0.9569790441168206 5.26018883324615 3.0435948188316484 3.19211787941027 2.014787712596795 5.345962786726726 0.15517598247311956 3.4990654215646173 2.7339831406707518 
0.029786122646219 34.936175532600735 -1.6098647657969902
5.5028689659900385 2.559826176517038 0.6053062718089576 4.579817711547059 4.826321164805096 3.6368702795214354 0.5978434868889528 1.531653239667278 5.139865579632835 4.509212612691295 
-0.6811523584524067 49.46378552901957 -0.7584735274571502
4.933004645509432 2.8222607864210247 1.9483870209824306 4.089330358068365 3.8069996041325243 3.402631844515199 1.6061725855548132 2.4383118136001176 3.833677902249069 4.079079521047274 
-0.7715245293639322 49.51497764233399 -2.3323824168977025
0.27643887242000986 4.385097316522449 3.551883921513249 5.656123202407846 5.342005589406159 4.8918500459444845 3.242140217058362 3.9651681910577965 5.331348407650401 5.626458316295646 
4.73413731338672 34.88126729464034 -7.814730379261894
1.153212811561881 4.110863530929333 3.3272585731085615 5.4035350021696 4.542591579600736 4.415419933517574 3.1895596005044333 3.7654908773588716 4.243500549392129 5.20032215683302 
4.6615642853967945 34.9828493055824 -3.1134843152344276
2.7243127750991625 5.606070214686738 4.851989657096997 0.6088522890075364 6.047687166003496 5.9496170026258275 4.685392309609441 5.246640367833409 5.777264964878941 0.5131312957609122 
4.678441800266049 -0.03475269514860884 -3.105866540081831
2.9572002317497508 5.351387497948943 4.167749145539509 1.4246158711825747 4.4873320987991425 5.489212784158375 4.22576312091206 4.763546082362002 4.158859823510388 0.9725645215593245 
4.818972742911821 0.1467488386134795 -4.75351871855121
4.676706289456051 0.5015775953418519 5.820969909057973 3.0319267393561273 6.162399585691431 0.6674938551543148 5.694399790204993 0.09062833096407161 5.663194912221234 2.606103141906102 
-0.07584192922418005 34.91008087645118 0.04634070171658088
3.9780828423812125 0.9384593471696236 5.29833489791845 3.095454557328785 3.3618022691364953 2.1257298327740157 5.251515247178737 0.07170848865868229 3.6247761215584284 2.863779102201028 
-0.04741532944855208 35.04999702809125 -1.616340968774565
5.546903887308485 2.5209579531068704 0.5764307736845062 4.589583530198229 4.798933752796618 3.6263137160880605 0.5834907502600563 1.6771941765002158 5.157985900270501 4.474660329534252 
-0.8304869183728094 49.407479008208135 -0.8341139890271556
4.966198489157365 2.7525128383074122 1.975767085760656 4.155884933044143 3.7932241021224904 3.325430605852884 1.5861436402143374 2.32221711385441 3.9107741645290557 3.9438873841550435 
-0.7839497778731209 49.66249316716639 -2.331951087997875
0.23199545700307023 4.384310175570896 3.486686406406207 5.798400766556221 5.346574301278833 5.028771929227674 3.2492665024376177 4.039541476774546 5.400627564588985 5.554215547762837 
4.78874283410349 35.04821610853296 -7.91535536186734
1.1849048058050726 3.9788866105133227 3.303813503192005 5.230954127735888 4.3921683285877755 4.340246035677621 3.1639769699426754 3.741070311772553 4.030360094680523 5.103558359981483 
4.726348377647604 35.0409460643669 -3.1237404685931036
2.704065203127922 5.625945348680929 4.8171295413620125 0.5357959701424362 6.078040147497001 5.8632763872764615 4.6749247597170775 5.227000708043288 5.761913200243543 0.5153385062091426 
4.691441090833868 0.1996814169724026 -3.143520923521179
3.099792685256043 5.289113488099206 4.294607904910024 1.3955624939473616 4.520848441335654 5.442613506845095 4.181637342495354 4.771775097522141 4.0405006354585815 0.9153624693646314 
4.635740483506176 -0.05559664894758118 -4.65211888631926
4.649142437593483 0.6239450017657431 5.919479215007706 3.0213781512190017 6.045526669282406 0.9491780597865866 5.723389454786616 0.031834320169452784 5.6496246378051636 2.572262152309825 
0.04521524818631326 34.91118747120007 -0.01654346076992886
4.00342086732555 0.9377929038855982 5.325031582188408 3.1211876739791253 3.201971664513093 2.0857314378083562 5.320248084017545 0.05689832342498925 3.654310534590215 2.871196364673473 
0.02430565413550865 35.02306405348099 -1.5260149717797549
5.521540978907639 2.547037887668488 0.6654711825025851 4.601025685778475 4.760663796810418 3.611754503694911 0.5177109319601442 1.6839037167632283 5.088479698817122 4.38806740751925 
-0.8339772418840652 49.630251857556004 -0.7739068479287787
4.911406476383986 2.808953278992695 1.8843512004225107 4.218986433104871 3.783885965967155 3.3567848611869295 1.7334074463756168 2.4397930001272603 3.7958796166440227 3.96047852153388 
-0.8301024307891186 49.57908868260964 -2.3929889092157484
0.14914766336759147 4.435688524579678 3.478106926335365 5.860758146389571 5.441593506538201 4.992625433996563 3.3019274897725457 4.092516286106088 5.302117711843987 5.616578215684775 
4.674041504723159 35.088329209168805 -7.878812849970224
1.1368715765100326 4.065995653078174 3.292621241557349 5.320331222580958 4.440121496383423 4.407497230341163 3.240617848754935 3.635665777955806 4.174536099281978 5.204132066332695 
4.674366990529341 34.9394919822068 -3.1561786275686643
2.7322264413414574 5.617186734423835 4.815582000840024 0.5284209960452011 5.971288980038328 5.920796943908386 4.722357742276814 5.264274613984417 5.853739078325245 0.46507376433012787 
4.752105340197597 -0.10922013060256236 -3.1537323688606165
3.03883662141067 5.319772590948927 4.22797324053565 1.4782836384694356 4.523305394560944 5.470534474150622 4.17019890625763 4.7779872009659945 4.073216495871771 0.9591271361810796 
4.690909495268532 0.09152909291271995 -4.7593704806148445
4.630771855874321 0.5123651758624757 5.721698208884428 3.0116249268579094 6.176571990130032 0.7783944673680692 5.765591036940641 0.06667722843499622 5.578231323920116 2.55199232259098 
0.07395518233748588 34.9428962192606 0.11827196774282914
4.0041028979108315 0.9727351925796086 5.403123138487917 3.0482584083419724 3.1848421991591693 2.0869344595636807 5.344119737071656 0.12917674587814246 3.609000646389233 2.8379817765454898 
0.07605555333657116 34.8843591294268 -1.5975131113922878
5.531592662176265 2.5246198860632107 0.6005268798641549 4.744980345818752 4.808555375932148 3.659110600561031 0.594718380131129 1.6766279101690544 5.051992411885243 4.443633186896001 
-0.859474130860144 49.48331183383612 -0.806811532473179
4.8919897594558055 2.7197254614209205 1.9495764552832482 4.171016568563825 3.697895655609686 3.406804938398454 1.6774335238004847 2.391823876619623 3.761423376813012 3.9750032470725993 
-0.8114085636431074 49.51583342513261 -2.3337597486155035
0.1746453922858589 4.397902412358969 3.4378715836519143 5.734583580020588 5.286523808340922 4.944015850446414 3.1776069308212596 4.003225225547441 5.349857555785967 5.539180987611553 
4.751806168753027 35.13120820522909 -7.921010551114206
1.2136600449319763 3.99036283569547 3.336085828637298 5.41993974952603 4.340125745426196 4.375101402946476 3.14196217224538 3.765669592746647 4.266917127729916 5.12921951561023 
4.675855485629031 35.13084916394683 -3.191566767719432
2.7042210349868268 5.56474724159027 4.854048281519965 0.6091610400541065 6.027709396564259 5.982274619779767 4.7966219680886955 5.339027676410988 5.661588263203603 0.47816764829216846 
4.73557238080728 0.024538524612430942 -3.2467961856724346
3.0915003209406273 5.228002991531876 4.172027235110396 1.4377213247789415 4.467403808895057 5.541310966376262 4.300555789684452 4.798591129639715 4.0692725826812355 0.9995921596974077 
4.745365166003842 -0.06930397878508038 -4.682574915007777
4.66191109930724 0.6183575180920337 5.780011496575209 3.05525700201108 6.050513160085426 0.789288633253349 5.761409091964387 0.032398382469973994 5.6103560956191645 2.5171979989871547 
0.087266186358756 35.1679033876251 0.02294499910103932
3.863168555616591 0.9264260974935563 5.410338691822263 2.999039414475532 3.2530706927874515 2.1031127202840043 5.30155099062105 0.06949648937240464 3.598996882177528 2.839579469247975 
-0.03709442836108724 35.069472243114134 -1.6243760669705247
5.605914646769915 2.490056272301059 0.5877144914546207 4.760998100379853 4.830203927949752 3.6931911143591436 0.5653007883194164 1.666060412622617 5.157649008513072 4.407073003180812 
-0.815223920035124 49.35909413941266 -0.7965674824484855
4.766445536356587 2.7465317985371502 2.019495259398684 4.1833796643415395 3.817573756611607 3.3805954267634024 1.6591414077878242 2.4512499126083607 3.866721334389143 4.013580292395025 
-0.8154187048820787 49.46197038418774 -2.3354148004862765
0.11197500227265526 4.403216162286306 3.597351148459714 5.816254841338674 5.405694601102074 4.996437953751118 3.2499480703853556 4.026432868381372 5.382254723294443 5.495034254332015 
4.755072794416626 34.96972711087555 -7.858310196404808
1.1548166195688834 4.05027038722331 3.2083633584519724 5.3782844591896275 4.442507789888037 4.422500846037049 3.151194517519488 3.680694966423762 4.208403919719668 5.230228639585151 
4.838422415461029 35.046636685473636 -3.1017267308599363
2.7513535327143086 5.521638061960282 4.880089952266468 0.5606510894358578 6.003077921496971 5.994952199569075 4.783854671261226 5.174882072230049 5.777013287327754 0.549017173719896 
4.75205266043306 -0.037300811139676114 -3.137416852870918
3.073760967121191 5.2941131155369465 4.2655775204514494 1.5621549233413954 4.452078700647025 5.571330369385566 4.2370458560819495 4.71370335898106 4.081057944831996 0.9761161326325727 
4.7289778300378345 0.16911565069373716 -4.725482542403326
4.656729799282909 0.5173817620315794 5.836902751045995 2.9533144551601254 6.122291692141681 0.7884299586737449 5.80793773336927 6.245628779929307 5.687693426271283 2.60433242495073 
-0.012579227335682473 35.060367978264026 0.06142521035918785
3.99499352007692 0.8817989080060877 5.350847816275541 3.1224591890902627 3.2247349162679053 2.1559564718336404 5.374470976974205 0.08077528901010406 3.5432428203326154 2.794581889277106 
0.15659323522562513 34.96078605800224 -1.484053537575886
5.497375284835738 2.5592132142931123 0.5764203172209165 4.742378188144838 4.758693563573423 3.7701594834415504 0.5994334886451401 1.6766199972288616 5.201884708212777 4.488341552476839 
-0.6858061532555821 49.50024232156008 -0.7085876518089754
4.998253139733994 2.8345592892842717 1.8619505098466425 4.111621287167922 3.802445149744341 3.369769321819126 1.6900242550003117 2.5460008975181028 3.8259203695217114 3.9559533728899554 
-0.7479457221655065 49.52801753242127 -2.339572838841467
0.22925465747207954 4.365303991417462 3.5366785217514107 5.678947607544687 5.396884897622149 4.929693494991442 3.26039430666127 3.9866788218519487 5.409791693198023 5.572256482817353 
4.68154820223844 35.20301052986908 -7.781830051802771
1.2231859297790295 3.971511471427375 3.303961735525185 5.358138834223612 4.363897498360658 4.355173856663058 3.0396528069441184 3.628587492095925 4.249175185564027 5.146478735312283 
4.662965546038141 35.02523576016416 -3.14239444228833
2.62429685815324 5.631682941259808 4.857014037871439 0.6257566964559262 6.038361653122157 6.0037844692338505 4.573169230695599 5.165930203930566 5.801738416889185 0.5239964956971942 
4.722864163232308 -0.04024833563523422 -3.1474540595222398
3.0430307239023864 5.1752748997418205 4.2144074200113995 1.4079887750621496 4.533195798852953 5.637208835783802 4.1136791395354 4.809313814929777 4.118792142745357 0.9746517827205559 
4.725596974643801 0.04469053129700843 -4.707920388939841
4.598405394950185 0.5870190400652641 5.798568012780541 2.925994177009839 6.076200700668103 0.8137030224652072 5.6481429320520595 0.0681209233076235 5.630806839866027 2.5089362108729434 
0.025449126838670552 34.944194624881845 -0.0175047408975944
3.954649007465675 0.9741649534569384 5.339759579689275 3.1012824618533767 3.265532581378846 2.081035586116125 5.204869364648851 0.14607868007360247 3.5522150703340722 2.8420356167972454 
0.04480347466530085 35.10702589503555 -1.5318968248477651
5.4505924051123875 2.520354301563862 0.6737386793402786 4.641725058964387 4.821029414452163 3.7349282568999858 0.6643928825577381 1.6905560613121209 5.186574379522765 4.35362145551585 
-0.7359856754208188 49.23790002129819 -0.7841635600840686
4.907168900579063 2.8007517865953693 1.921904048632175 4.1494911368468514 3.81020861686625 3.4036329290915694 1.6415501846741964 2.4880586430693232 3.8493186123666754 3.9937263387368627 
-0.7589216757662856 49.456932674732236 -2.377854976964231
0.22969262047060002 4.533853922629997 3.586742180751666 5.793391552029424 5.3090360043726745 4.95746280280404 3.2789180434271996 3.9820817710533243 5.366465118509074 5.525578029488933 
4.651079058122255 34.854691368832455 -7.8669594533970075
1.184084212459849 3.981582320818248 3.2324368853013317 5.290756414940138 4.455766156086783 4.450695097794239 3.1625642752450003 3.719149486663632 4.22583956086089 5.2188363398900295 
4.72377076164027 35.08999112930998 -3.1404089824217754
2.6981304341230117 5.592161333101235 4.770886847784643 0.5857259503123922 6.001589341108449 5.958289323465509 4.8163536677619705 5.27319613935069 5.812613060557645 0.4877502333534742 
4.739773980801165 0.031103659802591856 -3.1593288230011187
3.149940587763357 5.373718477664534 4.236609584601216 1.4417966072951107 4.5612577312815175 5.501048370586459 4.225119383311869 4.733962818356055 4.019077487851644 0.9355949985098887 
4.739779768991856 -0.17572447170731686 -4.7235227347575774
4.676466512827253 0.5823308802201376 5.850082630014202 3.0221333525523715 6.19708455639145 0.8713253523665926 5.85297230953887 0.023329148287257833 5.7719374737241855 2.6676742862277134 
-0.03314301582572581 35.05292702260895 0.016355172205364945
3.8483774044202286 0.9307793290894164 5.411018116742418 3.0132778125706268 3.226376297069622 2.0691589669751123 5.380396892278114 0.1316887350937165 3.569267614605099 2.8683284968479628 
0.04405809098830074 34.894237222078246 -1.5874784537026252
5.482082853429255 2.6039728442008077 0.5700522724073952 4.689913125815736 4.802977195557795 3.6484955961193153 0.6405660688020612 1.660153824262284 5.140744494021783 4.54774188341624 
-0.7535727148681983 49.57198150921574 -0.7273367238088836
5.009339342163381 2.7938894329108455 1.8775095154348656 4.131413734367334 3.8574802671082535 3.460748439682076 1.6199274692437673 2.4646489950112507 3.799438515554818 3.9887470398329956 
-0.8135486883592563 49.52715962986433 -2.3938363601525428
0.2504596798519917 4.257357396383913 3.522985465173687 5.734049355751359 5.397556707784757 4.8640335035681 3.339330803908385 4.147272949271967 5.37717761143981 5.6363344938999775 
4.75131309766169 35.125264795026176 -7.818698036555401
1.2087251260372616 4.005669578235475 3.2514321075658548 5.283438627233555 4.378151454777214 4.311233822880022 3.1539843344574643 3.7758504443213514 4.172847183207799 5.14456753273212 
4.8326672095472025 35.11687131554877 -3.159819728427113
2.6254367595135824 5.627863397580488 4.857256977916297 0.6265734540000002 6.092536811059379 6.014783422361423 4.673906636254104 5.249643192841463 5.752788571854059 0.4282679950019817 
4.6583526914416815 -0.04141627810347726 -3.0700791663618805
3.1156349034970745 5.217474832493251 4.287728996636725 1.3986482328394034 4.477245080741516 5.532007265771683 4.192755422837873 4.734709283382993 4.066927036213955 1.0299854384973874 
4.6552134929066495 -0.07237949662094294 -4.784612059216214
4.571633267277226 0.6539649854298948 5.87059941726165 2.9929063148050825 6.090070575920928 0.8724159093120781 5.816390187598705 0.027617205970481475 5.715411465682972 2.4871754278059366 
-0.02804429000529405 35.02512506172915 0.09274643920671616
4.004747589852872 1.0643508165264506 5.201247644079887 2.97704509405157 3.222939731844141 2.065523085806631 5.259885679803152 0.05762494753444517 3.588301077151259 2.8999992741632865 
0.009681592128803007 35.09426282693644 -1.5903483996453627
5.613716524499581 2.6117162352653893 0.5813499112440238 4.679446594928954 4.803158243286904 3.606048522966959 0.623658490598174 1.6815914676276253 5.208256095948491 4.509095224307233 
-0.7634167484511002 49.59500612275677 -0.6858838076521666
4.866468736727398 2.832196766293916 1.880773532982703 4.136246384821512 3.7710808988168742 3.41093001118553 1.6458152694800072 2.5380955460743686 3.8800915391775654 3.904369292060883 
-0.7634071542573576 49.56097036825834 -2.4134191363090163
0.13975934141439733 4.367840213232642 3.5975689535340734 5.706432569926396 5.357220213831008 4.971801381875743 3.283425348866325 4.003048983145995 5.423525092102542 5.625079592065527 
4.742361210127189 35.116128233276605 -7.843209010802857
1.080610567992947 4.070533180125876 3.2300486646954387 5.26819642032197 4.508688647007767 4.417864789991726 3.175879528515023 3.6932644820268834 4.152903178026999 5.268071129053553 
4.788413828353625 34.94183537621155 -3.2140727228882473
2.7792169241011977 5.571095383740079 4.883188890412671 0.5780185656054413 6.046095858539882 5.803034806670389 4.719977934399697 5.177397820666414 5.90260920462206 0.4479286320317387 
4.808819410612947 0.16332049552519032 -3.082583953531076
3.071318283642109 5.281792538625334 4.218124261339149 1.4443346415555791 4.537217085845774 5.47234905855308 4.126615891729777 4.714392566542457 4.042761990533211 1.0193054114663955 
4.768462439480364 0.17901359605384992 -4.760229928545234
4.740141153345319 0.5171625784206039 5.765368941425891 3.0240891310760603 6.188156352581321 0.8237200789506952 5.803217724340119 0.03485833788673523 5.544233631729579 2.608812448189241 
0.05911033840062784 34.79261273605854 0.04864877911888107
4.003109234553568 0.9366897552579676 5.287513658184911 3.0778665267447844 3.1941435715226563 2.133272030488628 5.24783128256549 0.04463006354543037 3.649984988968938 2.8866334248317456 
-0.06461323853866316 34.96715256704869 -1.5243814801579427
5.510015805190052 2.612013788227408 0.5070344888517315 4.657891591908569 4.654012297213906 3.673831363982391 0.5449563183216142 1.6327394748178585 5.210123068125447 4.443853699804468 
-0.7315640556722867 49.412262432315025 -0.7915648727347274
4.7456440739309835 2.8268775779195927 1.9117137070640349 4.129939339586504 3.8024611174951644 3.3061818503760625 1.7072458653303941 2.488052591603402 3.8285397663825673 4.07039727286854 
-0.7926931781922906 49.47005876249466 -2.343906645847734
0.14260166276723074 4.422571868239022 3.4715424710024108 5.7013605842724395 5.291921816175441 4.8866624034006945 3.288337765009932 4.052053967663229 5.433636229651083 5.521592447534709 
4.702134352296172 35.052356398663676 -7.915869336686434
1.149454570583519 3.9330313177655594 3.333810182517245 5.337607191097509 4.528513219835622 4.353449053240989 3.194169530923846 3.5569681724940474 4.210719988602089 5.1399976485281975 
4.769949073641568 34.97209464769597 -3.1200866680441464
2.7076776582081883 5.5727984982759375 4.969669600197433 0.5495421871436794 6.028600118834127 5.889671904870441 4.805705846502166 5.238561420472501 5.7902309117321575 0.41326809845720286 
4.64325722774929 -0.12000164971379108 -3.1074463366948915
3.086999126778181 5.3525077050508925 4.328442616892938 1.3893709032820836 4.4382519413335455 5.5213094767361905 4.11797418172944 4.708981589887261 4.010543126235236 1.022802642034322 
4.841543901804027 0.08365133175583939 -4.765104313369443
4.652577299020689 0.5334828817565038 5.800723587997654 2.9266230426636177 6.070362939169177 0.8202076617809377 5.792099679260787 0.04453150138560143 5.751877133741686 2.61649114495832 
0.059486368928574174 35.021444597731026 0.008763222913654186
3.8812381034651096 0.9698510434835952 5.3267117492406415 3.0633735046166404 3.2081091660182808 2.0866179050979214 5.245021689143103 0.14242796452918735 3.5964752384315077 2.7866613607977313 
-0.028935249154837795 34.94361961929936 -1.6055819024594233
5.526779446733019 2.5444675380043074 0.5965807700440748 4.662705326095861 4.835607365164765 3.7569075180841827 0.479459900396026 1.6114502899231002 5.112800141662469 4.459223093263769 
-0.7906105723727322 49.30682773438344 -0.7078401592198199
4.920173669819799 2.7555861693213743 1.863431608078379 4.115604500385792 3.8835426555318544 3.3155036660235813 1.584864252524762 2.5911804365394775 3.9224324608205685 4.124977731324039 
-0.717828357361818 49.38650627527932 -2.398282521714032
0.07478130400104059 4.445269824481985 3.4821116230776656 5.7680472500129225 5.43625092846883 4.981194294804201 3.221078618398592 3.90244707788543 5.352791236916863 5.58584267863607 
4.726514079427867 35.01704931432944 -7.832545778037648
1.1725858380750185 3.9385896963400335 3.253196245747819 5.312393652271019 4.5285993800659075 4.474735310147793 3.203686497302332 3.649608759230422 4.173983128281868 5.22308284317819 
4.630586500817005 35.29706416198559 -3.0742173257951833
2.7227632999159774 5.627275033014482 4.850272821404387 0.5245529855248754 5.967543497727424 5.944131747877023 4.728348706299176 5.2383864042713695 5.761038460188528 0.46560324371163053 
4.772730245199096 -0.03380209493297893 -3.1504838319674358
3.054393604669663 5.276509389323804 4.331878678571292 1.4138387072974872 4.532435224344062 5.627736941029933 4.159571417125834 4.76120541252782 4.100677038376996 0.9409721751297905 
4.730644837659583 0.07956436600783241 -4.702828684759334
4.7342927434312285 0.5993700964532604 5.79287440960803 3.0296640892359457 6.128844443588217 0.7862779008107483 5.807431190625277 0.08561868379773341 5.686613217301713 2.5797812984136663 
-0.03453262647360675 35.022565018691694 -0.025539734379195923
3.9594663111773234 1.05531223948191 5.302108059892661 3.0798674298353155 3.220191671698213 2.0820538515291203 5.361111170907947 0.14564704195394296 3.640909098103095 2.831551624182001 
0.04922305746196428 34.9882782039537 -1.652794077366727
5.574766583034302 2.53226200057433 0.5872339344606458 4.687468542504017 4.705453776352018 3.798935662188688 0.6315965569274119 1.6381965600735207 5.136922459659192 4.407669017735753 
-0.8035790394805942 49.53980431987992 -0.8399034906761322
4.740873441118015 2.822094447346709 2.0078311572747487 4.158239163783562 3.8378128758103593 3.368851187668227 1.6483930017629358 2.504376843967794 3.7508124524680486 3.9579425277331137 
-0.8170012236232879 49.51216602049444 -2.3730533525981965
0.13624274749791632 4.384729886175362 3.49911112669537 5.777993908482894 5.3222256326900705 5.016523470828147 3.2057557395442293 4.09365828202704 5.397653718485603 5.5207203881743085 
4.698407255686411 34.88136047037653 -7.890626063786372
1.0888129018322297 3.988418624225209 3.3019217016324895 5.29860279890345 4.501368842620223 4.403967217565098 3.1404575240080983 3.7050590168200177 4.098875860863911 5.251158591550207 
4.721319386310586 35.045343101046555 -3.1035169904560105
2.809616165658511 5.641208830628302 4.820158079221499 0.5721183531027745 6.086141222250624 5.9024040371407045 4.7853763872793476 5.276536529349898 5.783371529469312 0.5065876584499369 
4.73233390223105 0.01915809968376951 -3.07777540716203
2.9904789786596817 5.306579834210647 4.265044114031224 1.4478810528761334 4.5542172101090985 5.647909816129546 4.067525375609844 4.680288181584182 4.051916834984677 1.0811535645453707 
4.7161400806941645 0.047596848370794365 -4.672406407484518
4.599899520884862 0.43155058872826785 5.8095879885036155 3.0185450452758418 6.086489253048452 0.9139181424584204 5.690640465706803 0.009317298117367853 5.611807668963883 2.5743575668573926 
0.02040561294198387 34.89526226083855 0.06098546446819042
4.022175167978005 0.930587070178279 5.322004558579244 3.1463296795024625 3.130805089833521 2.1305156560034875 5.23553286422127 0.05411341749189219 3.5685237679147574 2.870005420362797 
-0.007934671819118439 35.06306907493394 -1.6255546621923112
5.513357584318937 2.5847255574752026 0.6237018725006245 4.6282892217161855 4.746358794318711 3.6414146309958757 0.6365742288970709 1.6587432429450708 5.164205686859893 4.438114433287876 
-0.7876057197517068 49.54745404738286 -0.8055780077307921
4.922669353386558 2.9034644986335927 1.9207630866649463 4.180869377530343 3.749743170927106 3.262377500601486 1.6675328101594518 2.420883854218794 3.8605604355315433 3.9920043031341663 
-0.6869191225072049 49.48022877417712 -2.264749687714412
0.14303482616134627 4.350326912553288 3.5992586291408877 5.635457996830585 5.407574425205924 4.944291834932493 3.1781531113186086 4.063266432087562 5.365761359945609 5.630794230800747 
4.75928859220234 35.05148840782213 -7.881901059386596
1.1245516971490357 3.9506567034842117 3.310978782558738 5.39124656520256 4.4248264683099485 4.388045659362722 3.1037317299819374 3.694186017825027 4.269254854104406 5.218107705971627 
4.765948184250368 35.025387218599 -3.1522281937905103
2.8160831750114705 5.556394471292258 4.888963266017836 0.6366682309389782 6.005653853779779 5.929823595009287 4.775163891216317 5.173063842341607 5.785934133455701 0.44669162257216777 
4.7644875639662825 0.0008598070816826011 -3.146931474943217
3.119538152821139 5.203509259105219 4.2868406866956645 1.434272737099087 4.448167262774276 5.572380514155249 4.169045855306729 4.833394886176976 4.081141874963794 1.0199640763662985 
4.766482065813235 0.058026074719365106 -4.69910081160279
4.639884068092125 0.609198847735202 5.80736533987324 3.0323470010919635 6.04885543080147 0.7571481632474701 5.742563622696861 6.234224109212373 5.653213781681056 2.5344358438721635 
0.048110260499452884 35.00707585301952 0.04985317238797258
4.038267359605721 0.9208747774596336 5.350692126400298 3.0318895425011676 3.1654285292468356 2.103056302396027 5.1836484600921136 0.11145704594942252 3.578942528892517 2.904860293532704 
-0.010117489324598848 34.91353687018808 -1.5510957663387483
5.548053970132278 2.6190956843147752 0.5869160986370268 4.63686999264721 4.798339125254404 3.753441243959077 0.6232917071211788 1.6254347901407964 5.173918762930145 4.448258556425172 
-0.7922137007203225 49.55125659468435 -0.8064710434558123
4.884845729013909 2.738878347037075 1.883749723946763 4.106159351588557 3.714764191952532 3.370078413303666 1.6691597617187046 2.428667652402204 3.883546394346924 4.10952721332598 
-0.757995372869323 49.48511330512446 -2.391024618489791
0.17246696280665744 4.383799473809519 3.5618075378975056 5.745039519280072 5.358954118896719 4.942989037841014 3.1901107042232537 3.996055910886888 5.316462231605626 5.7111776325891475 
4.659734586319415 35.128623273587806 -7.9596567750883755
1.181068434053788 4.072324946912127 3.2701386207516796 5.351739605953822 4.535187406590749 4.375517853513376 3.1779290059107663 3.70766119814222 4.194386594575162 5.187822215214743 
4.780005186241445 35.07487455559776 -3.132880856036922
2.7184343161331457 5.650879484599355 4.819315057054659 0.6117177601450691 6.064888521468246 6.012771111043216 4.689016981217553 5.260030911339174 5.723971097232093 0.5316477908245411 
4.710310421906766 0.1000806953614144 -3.099641876170887
3.0280203968835133 5.300884429674383 4.2710388274754845 1.4128538529616474 4.509989024021267 5.662157089036546 4.213270322624563 4.74641756324424 4.043049950285149 0.9435974020348791 
4.728033351578188 -0.07771128343367123 -4.80612988883297
4.574324253850006 0.5904745455009631 5.818676634732919 2.980770048826367 6.090576743882008 0.8823759042942132 5.830491040871056 0.186028974591585 5.651807526366583 2.5843812997724163 
0.010598209187018863 34.838617637578004 0.07072754276178432
3.9271544404198675 0.9599406876746585 5.374123633007871 3.062009123397729 3.1586489823529016 2.104669982530053 5.263750402312814 0.08408034674146961 3.5821539953422974 2.8828562233168387 
0.08384044015629219 35.03152096324389 -1.5828865131470853
5.440407661077252 2.605070325068291 0.5586561762531974 4.679273147795969 4.83219462161195 3.6859415362930603 0.4991050303699055 1.7063752447927496 5.184052455372796 4.486256297149734 
-0.798508442352601 49.564597245411385 -0.789480609353693
4.896432381665694 2.8045115058281973 1.9960739555769902 4.22853803483711 3.8009618831566963 3.3766662162181333 1.669585332721961 2.420232796845959 3.8767141328370576 4.081876246594237 
-0.8935881665641511 49.346656155249875 -2.3220903083995177
0.16523784047222112 4.316795983130985 3.4807302194957948 5.708623915255161 5.40557845794627 4.869388739259944 3.2551006642870393 4.012203683498616 5.409038314181244 5.69874880883643 
4.760065337167444 35.18436882046391 -7.853189225381967
1.1649507254314415 4.010811194951033 3.2101453029337947 5.434547136598279 4.466485047865528 4.379746314384316 3.233344552935647 3.657856852881882 4.296602864283365 5.178785242804862 
4.707767411561464 35.08085921125448 -3.1764371338019974
2.795223902687412 5.6415430729408875 4.846683053795615 0.604801760234872 6.095803780155926 6.000694714930379 4.74122715682074 5.204341047149378 5.805162202113543 0.4266053792656668 
4.76210635571264 0.06930839222624993 -3.2548220253474343
3.084942537742176 5.2318943865516285 4.273732939709632 1.4380756407636295 4.487696282257519 5.602243132980185 4.168775397041781 4.687981365213746 4.073542839101402 0.9810609953384825 
4.645176962394036 -0.19482764855243195 -4.813453852684489
4.602226091661551 0.641213273341836 5.750087285713303 2.9783227757815487 6.033145295993284 0.7261054969974279 5.848763623366923 6.255797361211324 5.643131173138744 2.606351957037176 
0.02757083619378091 35.04985651187886 0.07359566513278035
3.918925001401128 0.9583407037968251 5.31351243313739 3.1038051412994156 3.066941128629645 2.0927898013883754 5.3084209029482095 0.20340081606909377 3.5345286805387195 2.846305953255301 
0.007863996278703949 35.047857704252564 -1.540466862238019
5.496680685521541 2.4895597097605235 0.616704088918153 4.620311706416539 4.756619058238842 3.6932182270228835 0.4957909149039045 1.7545356203976592 5.106033817145935 4.3956358188360625 
-0.8249188264853703 49.41353845707024 -0.8481279392723869
4.842033924800823 2.7871461686023022 1.9894870277437327 4.2117708861158025 3.7729976494883144 3.3269712416933075 1.6467817258561728 2.419549086706421 3.8546000786735246 4.025284203751913 
-0.800477889715214 49.5371119480188 -2.3759594115953484
0.1763425752564442 4.345540372415204 3.5875908245732773 5.735187970885665 5.452650374367555 4.968073174561518 3.224166010827231 4.00468566749271 5.457921970879989 5.573100596172329 
4.716077799043799 35.05660442360817 -7.794499977318066
1.1699303911652033 4.024328904955388 3.2824384366405934 5.33367816594826 4.442706203941444 4.44063645807649 3.1701710369995295 3.6214121056675386 4.189171936814533 5.226057526000855 
4.696556650267163 34.9940897702455 -3.0726674230470117
2.772467468235716 5.549758442661749 4.768957310284159 0.6170484573314783 6.053589970700185 5.908415085568313 4.668831410305951 5.271999530778478 5.719713135940843 0.5477220951080434 
4.718629669283056 -0.06729998657033193 -3.0985616845818447
3.111448366569921 5.160506034291551 4.304750861151402 1.4789288067000106 4.532524553501917 5.511825966014662 4.21989896400449 4.675456169518124 4.061163761596156 0.9798364868606064 
4.75813852788304 0.031242318929202203 -4.714549146920448
4.539783169332658 0.601037582780278 5.852642336939923 2.9249267070033014 6.088825198529018 0.8287841829274541 5.767081808811796 6.280011914298061 5.720104856741793 2.559726199668452 
-0.03633555865568012 35.04501986978441 -0.052829137929394226
3.979906294809946 0.9605029098487676 5.313498868362943 3.02713023828492 3.2379830266330925 2.1365336420342365 5.327469920885693 0.07568833023145505 3.466120902009009 2.829806087712046 
-0.053260333821994736 34.95932613039876 -1.5219592188672344
5.499423084969474 2.5552555922004787 0.5579869553675887 4.531039307193764 4.722056862745227 3.598760694092589 0.6315457355841277 1.7126214137242228 5.153004030852938 4.486887366832319 
-0.7772291925789973 49.200558637231396 -0.7979865201141668
4.90932023259648 2.87612713520797 1.9539063994842905 4.14780803324948 3.786836437505278 3.4451525682972295 1.6572534505173946 2.5155574662699243 3.8763065262823235 3.9635305387546156 
-0.7590191918040008 49.49955944763825 -2.323049530691742
0.22836101293205618 4.347403589874323 3.546769037596779 5.655363264518099 5.443317300810481 4.962217437141897 3.1338519575503603 4.067966358880623 5.417099151661782 5.550392468860669 
4.637310998271466 34.87371939619258 -7.849295013024486
1.1574298268427938 4.038774711388962 3.321274274615029 5.333522244539073 4.278574948717556 4.406020455352593 3.233223917862678 3.722094038675556 4.107670680283573 5.17327066339544 
4.701156919975941 34.94678188051828 -3.0789840076847046
2.7319265531868875 5.4764305586339335 4.968702541625024 0.6282597750989738 5.950278552039613 5.974911499797502 4.851686210001907 5.18074785294857 5.741055509896603 0.4979384633868442 
4.732322275732397 0.1348830683346536 -3.155795824348016
3.0724162136471627 5.190419835692542 4.28478935183429 1.4720304943907863 4.508297465461584 5.63346003829425 4.1308331041269195 4.731593895757963 4.09594779330574 1.064880075140297 
4.708042262304747 -0.20429918301553462 -4.713856477043142
4.623199109588743 0.5445818651723271 5.829390648030912 3.0322860733827204 6.028334807212833 0.8223071020772652 5.826074761227171 0.06357338653796392 5.637920607675271 2.549485130786119 
0.06394793224131103 34.8501164211565 0.034787523274199116
3.9726605498708794 0.9899222766218518 5.290784006156636 3.019446832570207 3.2208909184110133 2.0408095401720496 5.375774363297844 0.12732004587944307 3.5732498551756415 2.851206819415784 
0.013067648978132132 35.12136254025391 -1.594171842378878
5.571069486709333 2.5149004644734534 0.6284113739417821 4.7153133068483735 4.747459833744712 3.67489654962939 0.6941590770657088 1.556795005726652 5.225599684168388 4.412829109553029 
-0.8208003591152094 49.518396706696585 -0.8150701295768045
4.965692053585481 2.8269080719782975 2.0042112429977554 4.117306421250844 3.798536946753752 3.387697025531292 1.7905752944951183 2.436433075215217 3.8000573907892616 4.034121260996824 
-0.8304438223397965 49.5480991550935 -2.3272862983645144
0.22194656178212777 4.416252038296806 3.5297446621258906 5.818213134384619 5.363200441558739 5.041076491508957 3.277140362617826 4.0271485889106104 5.4229808803667785 5.6271826758694585 
4.654355097766184 35.01845017824203 -7.871347023748528
1.16824696418816 3.9802907760910515 3.291428794754843 5.319193426140941 4.525913784649613 4.3861259564558726 3.2723038509335227 3.662455710650527 4.1099800504352375 5.170377108605924 
4.718085535618532 34.9321490124178 -3.1986159054024714
2.705927566507388 5.589571691226736 4.810643789217005 0.5844055601602693 6.116935063243972 5.8973931033753075 4.767529772937694 5.221685126126161 5.71564610425549 0.41103049794802676 
4.708603735353003 0.10327477192348478 -3.1010101329078297
3.1075090174095763 5.351085760082105 4.243494479708377 1.4962666388422703 4.524861490511355 5.584894364112922 4.147096651477431 4.77680735968985 4.024162139448731 1.0232646081840433 
4.726153205337573 0.03247822846527603 -4.665313972798501
4.66792693525466 0.5616838906074516 5.83067109607277 2.980142590523496 6.163358288824712 0.7949474291341525 5.793664392965402 0.12574876361390736 5.6673210058863015 2.548840797492892 
-0.0922319669439655 34.91630798535836 0.0150687589392488
3.9483617455996685 0.963043092717896 5.329668574589184 3.071616552343495 3.164765378756537 2.0738013541852185 5.325645150238776 0.09985963116533908 3.6519842334750674 2.8422949666347628 
-0.05016014571509817 35.08894041126716 -1.6264294728999924
5.490331590944413 2.5356650188754086 0.6800725999812208 4.7425898340594435 4.743420758118036 3.6950135281664176 0.5584035824663385 1.613407254888933 5.15934618884631 4.373648998174199 
-0.8087614589505283 49.5188148106546 -0.796422718023253
4.92435013134446 2.822207336797914 1.9662989898284224 4.1336454375602 3.8728024009591953 3.346039643600919 1.6269312939899023 2.553121312829996 3.9038877101051823 4.0527256895424815 
-0.7545740620583464 49.463025959022616 -2.3616101997120285
0.23575370137592128 4.332348045512617 3.4792439226794594 5.592118863333888 5.330854159443541 4.9967343300475395 3.2664749117973386 4.058752087521996 5.550956745161465 5.510373566947413 
4.774084583149019 34.886640202721274 -7.846087270628612
1.1698495736405232 3.9714657375362084 3.3269870718059646 5.390354990622696 4.461145680526704 4.427979934295928 3.1316824146119875 3.647401948429722 4.13951510222153 5.158437021413058 
4.709147827314238 34.8864031907204 -3.1525889070959514
2.566739081349912 5.592163891829138 4.9375616309041 0.6664158439494282 6.052839593616528 5.912851005907806 4.762669119359478 5.244800066241685 5.736530990580995 0.4801261899413427 
4.751877052784601 0.18032556615070883 -3.1123378463602562
2.9770565064445127 5.279301954061179 4.237484752079567 1.425196667286545 4.564082727019734 5.539085843567626 4.1910827662252 4.821855139103046 4.104330956585786 1.0285545915248753 
4.695421124697619 -0.023533929465848927 -4.620763570920654
4.656384070649493 0.4717743619886152 5.823294251644328 2.995553791302844 6.02891129891685 0.9203284516429564 5.727009631931846 0.061319532368648025 5.629335710059357 2.575827110623492 
-0.048549367167311515 34.95975590328987 0.07063205044176342
3.9863418959305714 0.9701214043722857 5.349975410865708 3.062172605600324 3.237951147339634 2.1494865532728427 5.244255952966072 0.09843665658558676 3.5842112862642495 2.8695425790500035 
0.016813838959442304 35.12892699848526 -1.593391889492689
5.555366580055023 2.660032692148828 0.5613029042323816 4.614148301921172 4.814180858580287 3.658184971523068 0.6443082914628051 1.6465555491442747 5.088679791848166 4.4514968901889 
-0.8610433374751203 49.4492741167247 -0.8555634999723843
4.895874221901271 2.857254463843716 1.9320338778205208 4.200857848256935 3.757403072569974 3.435859540478657 1.6608038343219569 2.4804722022689387 3.8209827274013333 3.9884973425741292 
-0.7766162262433017 49.457079411227745 -2.3773897151265184
0.16375113357565627 4.352568391781113 3.5644129858493723 5.682415182458728 5.216885955538095 4.987206545267006 3.2473173098415735 4.003608754839275 5.37015221786743 5.598424153038447 
4.645158690753229 35.03338708077602 -7.831969472175633
1.19565502518009 4.030232122872375 3.2705409818350715 5.4316415732126195 4.461604174361118 4.431916985727902 3.155333000419865 3.6019900663142144 4.15264070903733 5.201023350518755 
4.713412058991816 34.964163885088134 -3.0951182394714145
2.7094706844893346 5.671805246951162 4.796009709009379 0.6589232171866527 6.029787892041355 5.977527612633569 4.7558950803287905 5.17825558792891 5.746169732878687 0.4286557668674529 
4.703840588881539 0.0602656306304972 -3.245187602246018
3.161342211561589 5.341067010713018 4.265318198945532 1.4786029906306835 4.607316993013018 5.500516115110345 4.09209716127864 4.733762447209632 4.1467846155729875 1.054006845859857 
4.717623652009988 0.07794699905386192 -4.712797551088836
4.640476378914475 0.6504025409357351 5.744288908529717 3.017933726378648 6.003419464863128 0.8760064049495282 5.772264291989192 0.045786542396684 5.737204924343009 2.581539001274786 
0.1048614124940964 34.73772107812808 -0.049949704983745485
4.002534324883733 0.8930281818112039 5.3433430257105465 3.0020544329210406 3.227562625833901 2.0682648923384677 5.279833342096741 6.2456301931056295 3.555331511579364 2.7652797184644267 
-0.014669700095825087 34.77314959440075 -1.4728439359178915
5.587479544651287 2.5616223956220487 0.5874628388139135 4.6158822286412695 4.68137781647978 3.6537608508257042 0.5625079853898869 1.6613060381069313 5.155026963195674 4.420521785973522 
-0.7870694753652528 49.57398956607767 -0.7789413080085602
4.918833870896547 2.8128459902821823 1.9596180417170255 4.247175016685732 3.8846680174291635 3.3147009709309256 1.7140602487076713 2.506689948049804 3.8855928782553772 3.956891110461609 
-0.7681269362312894 49.5777811475836 -2.35852273452854
0.17692504595876177 4.388111040312863 3.594306627217229 5.705550488488802 5.403336728881529 4.98183462315895 3.20682298648399 4.017221834796576 5.471160796923161 5.5795440193621575 
4.722585621031434 35.03277622921491 -7.8404237024014085
1.108952759539886 4.056518367506981 3.2773602748747037 5.269223105003247 4.445279743578098 4.368933893668433 3.165638345589813 3.7330931728991708 4.067717945938072 5.213217569917841 
4.67300384187078 34.9891369955864 -3.0977026395911818
2.709882029342125 5.566674020599449 4.896891758107422 0.5952375277929315 6.081428615078592 5.85562079436318 4.617860110146211 5.123167024006466 5.723547543906017 0.5014277485729544 
4.728208666937253 0.03263541174579012 -3.1496596994359893
3.1092601178841743 5.246530309352065 4.206383838198118 1.3976092899231136 4.503916490688184 5.631584484328335 4.1455617327756284 4.649555894187489 4.081353893748975 1.0635302777787803 
4.7276566533719 -0.005020721492244293 -4.641429089659745
4.657223271819054 0.6317533778620038 5.85017397773253 2.9601844826915875 6.00650624922958 0.8828169709884139 5.764163601486346 0.09390363474356862 5.676022936398728 2.562476802273324 
-0.006317413446925652 35.00020206893872 0.03070280171136576
4.020041653581396 0.9191895044088864 5.364687008501849 3.1195181390711264 3.1979371604592792 2.1061881630486434 5.2792371507871945 0.1310664839798816 3.653104367006255 2.8284952400006333 
-0.023366345427594696 34.96614592900949 -1.7231019885018637
5.585362195169027 2.5837998382349547 0.6142676042913476 4.662250129661456 4.847617280600295 3.7130033173406347 0.5387338700368381 1.6012549644491414 5.283754527610956 4.485045927354188 
-0.777198334324775 49.48117540752567 -0.8017653217304953
4.9251684442169035 2.7607637020973206 1.9624277548342577 4.159657747722715 3.7544839812109156 3.3944852592580457 1.6580718956848937 2.506951743123072 3.786506765111923 4.135411357693403 
-0.787768250671794 49.56997154447145 -2.4222129670201746
0.22009625740072047 4.392041712325112 3.5847130166601335 5.6802450239448135 5.328771828528972 4.878934252374383 3.2483556737875485 4.024771519497062 5.491080902306029 5.48957800721748 
4.769460915685803 35.257832628925954 -7.839554909716427
1.2053692942562568 4.077678997928022 3.3285688840768555 5.3735009070706905 4.476164092320819 4.33973206152712 3.095664712611698 3.6990820611584376 4.195301013331051 5.226396345620371 
4.720816762545162 35.04663120408658 -3.1938976051421215
2.7691218223671297 5.647328629461258 4.880654208511375 0.6868646618193509 6.031291326913497 5.940537008142937 4.8174777514605225 5.299000994287763 5.810568649598883 0.5860357322147572 
4.692599381712148 -0.027458063160978097 -3.1796457523615156
3.15778652434029 5.2112212276702055 4.327307039008346 1.4193564824754559 4.482134447606757 5.557805457435202 4.222444619942982 4.739666159106222 4.022935750975127 0.9222624027242879 
4.868250699668816 0.032977621074055156 -4.681908257612177
4.6001066734752065 0.594630571929809 5.918942078945631 3.023602851792586 6.003998415396757 0.805968400746292 5.687558243791661 0.008251342798711196 5.724510766322362 2.6162851838680408 
0.01763750129519748 35.147039101136116 -0.011862922930224205
3.93392453984647 1.01682202268256 5.251438466068699 3.087107508556567 3.251035778107061 2.1570883807848005 5.287163738747222 0.1386582740414634 3.6715728313283953 2.8405692951867803 
-0.058329282282990814 34.930106045101674 -1.5335382932872414
5.491067144446916 2.599108342748334 0.6794266990148885 4.683006228996373 4.768125068270589 3.5371464260870558 0.625703489605079 1.6670846629642968 5.225047419148074 4.493645579515241 
-0.7250249981504815 49.53660020364127 -0.8260670117022519
4.991433047689004 2.8315663820636683 1.9618539115347833 4.235677466412467 3.72204659848218 3.3928398574325977 1.6368688052263236 2.5920504190458655 3.872006221726312 3.982588295500671 
-0.6940107198616224 49.31363367207119 -2.379526103540265
0.1259882835519313 4.281367372613886 3.5985695217270006 5.726814368593304 5.422299891008528 4.849805791090227 3.2355115801425 4.067823691822889 5.400541376751684 5.5348858363832285 
4.694755242887554 35.027456865211086 -7.812957505997695
1.19533460053236 3.9986988926906597 3.252202082055918 5.251890685270257 4.4502166964261045 4.34293317604332 3.1542045745499783 3.5107233844685846 4.219845188863578 5.159420138685542 
4.813728616287065 35.03524253390162 -3.1513307097466168
2.776470944061902 5.428849665686213 4.933828682765942 0.6034840040876767 6.066413173411181 5.823158626905905 4.786337253142913 5.170701332777985 5.7857825609024145 0.5410753373984394 
4.720250968294457 0.20277189892076028 -3.158018145673619
3.0959205564064796 5.298607203004286 4.313777940980583 1.4007222415099196 4.473253357656519 5.514237495881109 4.191233700068618 4.703633519132646 4.141321175456015 1.0253808332038883 
4.790717562963075 -0.019473780901803326 -4.70784244497515
4.536357299145288 0.5275737785935934 5.841437539402191 3.052962230332703 6.132731354896296 0.7961427714659413 5.725214896760126 0.10552002024691305 5.626044808282012 2.489146379990865 
0.019613896428030027 34.91263965347702 -0.13922740326884084
3.861668306985688 0.9600315986268312 5.3747198643188385 3.0372631793891904 3.2062169538252823 2.155911811803775 5.248576004523816 0.1294519806527187 3.502731016090951 2.892520045372573 
0.06220216981961593 34.92512774750906 -1.5336170823542863
5.51302713481115 2.55889574896974 0.7048109507607594 4.574412068116321 4.784288036856903 3.6373329079099856 0.5306905975932965 1.7406643584846442 5.099215096396708 4.43607723840607 
-0.7998228043324739 49.598816332720226 -0.7529093198062464
5.0152730783832675 2.8438366379983764 2.0212848569671147 4.198778704138328 3.8154646896960736 3.3198157580867407 1.7656613721042502 2.422354080619621 3.8130817156085106 3.982006083432925 
-0.74712976985446 49.436475999169446 -2.2280192350986345
0.10674969138097672 4.376121382539117 3.5166360469572235 5.7222128724180665 5.337369404293334 4.879034613731652 3.276244203249471 4.059642250512628 5.408455201486295 5.652100772016387 
4.711960342368212 35.04522837315527 -7.822260228511224
1.178569787674948 4.13485312211874 3.285431933418826 5.217338242536728 4.419361802037265 4.3916192033574 3.14335832689055 3.594090611257282 4.157644202338359 5.177280816318861 
4.652727147011245 34.85731942576936 -3.1503064608476823
2.782251304303933 5.647417741097195 4.7959441119011545 0.5606309696794749 6.003179387494947 5.99008977257277 4.753192702109258 5.22174871288778 5.788754448473096 0.5066195384223228 
4.748217671719952 0.13294294521332453 -3.188669972270694
3.0297533222105604 5.210349438583394 4.339233262414077 1.4019174364636038 4.588759777422259 5.579385026814884 4.278869468122783 4.749437426967933 4.095961142611112 1.0371757325597235 
4.699999068669322 0.030522688214528873 -4.751532048148839
4.654529964396839 0.6618725773259104 5.832791921925276 2.9894134382384543 6.046673791550015 0.8148765761349177 5.781848634201556 0.022280530776624334 5.6103633637726995 2.563894941598339 
-0.018126565958010134 34.97194076272144 -0.010607239731933301
3.950935109920392 0.9115806224746453 5.23576258471558 3.115766261344572 3.178687202835799 2.049486617759671 5.279024763837429 0.10838871426328416 3.654865337137426 2.906915779093745 
-0.0010178184064942742 34.993863429280545 -1.6474957981318419
5.511907153824286 2.5992070768753206 0.527061569483904 4.604296686038808 4.689051598274845 3.5970343117096966 0.5829517581589525 1.7668443247693795 5.10824135430015 4.474658220256692 
-0.7155208631968741 49.39876767724163 -0.7804283850863433
4.831885085051539 2.8489479059272087 1.9332620874838233 4.1135608891029625 3.7868885315985774 3.3783155039897115 1.6726917374920092 2.518971679972502 3.796747958802399 4.015766794335509 
-0.859874961283249 49.511196773933186 -2.3458305362980583
0.2042823003602597 4.38640621377791 3.5549641283728257 5.783680921415223 5.379078574363289 4.835421410318349 3.28924514274336 4.091726610784219 5.371208000528865 5.610979975160982 
4.743601005174803 35.091696990729716 -7.858167472172815
1.1910989232553304 4.01789035422531 3.2214992457541785 5.447535783814731 4.300197229621399 4.415678412806917 3.1975503486915136 3.7241389901338806 4.118756258444533 5.162261915106153 
4.658913223810377 34.852625786822955 -3.0976232365336855
2.724059779021273 5.5349900669756655 4.683044893859927 0.7102287460475192 6.00196211601063 5.945088451231253 4.7707885064733135 5.198249784013998 5.749377657217241 0.5130692379504137 
4.707683262681299 0.007807234025951218 -3.2225332538837645
3.0492958148066407 5.285659691694479 4.258849821630652 1.3940017573681966 4.505936966471455 5.566003088664589 4.209769100693617 4.726128979400274 4.080043417330833 0.9635163584827653 
4.6381376986453 0.06979934674147963 -4.701803823205071
4.596902539423266 0.5814276528478901 5.777128138764825 3.0310683683384325 6.151696195938058 0.8918589219832534 5.746978233694656 6.272182087598182 5.704385083831535 2.5454445234804384 
0.028341887215239822 34.96350362821961 -0.013033064251617097
4.006103300695686 1.001631963384288 5.3293882536418975 3.081682910110082 3.1855670429278202 2.0536079659054454 5.314322776984985 0.037073485534024425 3.6130763274399036 2.7959281821305852 
0.024192096901747333 35.061418312417125 -1.531273336663582
5.531913755420504 2.576501800499303 0.7131551077360467 4.6181518654720675 4.6817584988038945 3.7286231567097343 0.6131539818336869 1.6123235008262333 5.110349050075457 4.385607133611306 
-0.8198142775915891 49.597785880613046 -0.7442558789334737
4.842389900009635 2.9003620345082592 2.0185052987633263 4.144546014336402 3.809831063618624 3.3419985925674807 1.6009036004609651 2.4401548858682536 3.766933044965201 4.047329806112778 
-0.7213832516178715 49.4969204349358 -2.3487446935375584
0.2181911198075413 4.423452726813766 3.5765586239818727 5.636084159924415 5.414492173099709 4.991075261226846 3.178699830255851 3.9908547110285832 5.484787422833879 5.59469613855591 
4.7439500406868484 35.0131584384656 -7.8309715769317565
1.1307317761179196 3.8963709033009426 3.3344978147256907 5.37189366086264 4.55634696021959 4.390944642309749 3.214205376084259 3.673168956896572 4.199752056703104 5.292404320780589 
4.705158223497776 34.91632660032617 -3.1277757521473535
2.6981457684705403 5.635867724472707 4.923384857936407 0.6113946136684304 6.104999203990133 5.9014945439392354 4.650081154597868 5.204193125359761 5.7828749548984995 0.3841183019828368 
4.732288682302489 0.08479716834837127 -3.1161182113280783
3.1114742502630657 5.2898206786121555 4.291850062644669 1.4650018229828563 4.5323249132039285 5.644704166164159 4.177504553554887 4.667773173498353 4.136296849528377 0.9523278971450977 
4.717167548148101 0.0057172712568694115 -4.746179926934208
4.620627047842271 0.549759557118093 5.742586420091741 3.0237572337111605 6.124295859723508 0.8862575080591778 5.717491260081 0.07362139856559022 5.737619409074171 2.59424822341747 
0.05881158695870475 35.09892291146309 -0.05897712090447731
3.9513259217261725 1.0867278097965598 5.30558171936515 3.0233893836366943 3.2899636454659094 2.043614926063699 5.379920820869163 0.07153387416850326 3.6203308969473165 2.835134515830363 
0.036898872497633614 34.84323450499792 -1.4306837159005814
5.412561136078831 2.5273333845383115 0.6389330264257276 4.599302396729949 4.799145792078939 3.7581160338047064 0.627925938525918 1.696847986615978 5.177408823742968 4.331382478369779 
-0.8262768930151472 49.50875111355211 -0.8066294230550956
4.916519754128489 2.757156008035519 1.9877428561236126 4.23872756518237 3.8579645366135606 3.4257817945741262 1.6759814131374344 2.450937003457907 3.86884670858415 4.029351988218415 
-0.793078847186504 49.633733007241304 -2.3290403155694093
0.20137159474230726 4.447694063295879 3.555589972991372 5.6856249441968165 5.36419830018733 4.977879523778724 3.2604188978754105 3.9685000448566092 5.464440486092199 5.576092112717415 
4.786136848461695 35.12168401003437 -7.8328625349846295
1.2196692560823612 4.1084379058442675 3.2541557635499254 5.451318334891349 4.456410449179737 4.392621733046675 3.2078888214143024 3.6039935719876963 4.173226025979306 5.133021144692433 
4.747231848608457 34.90768404444244 -3.120297056624168
2.722663940184748 5.60934882842897 4.871928317272481 0.5771231919943631 6.033530214677125 5.7946937448250235 4.654969408668475 5.237015201994436 5.764297314663614 0.4487943618073314 
4.7159721417516485 0.052298243838219474 -3.0252951945898543
3.059039345843571 5.279844098506485 4.133924893240844 1.3808604439862544 4.469222307748049 5.511078977447244 4.2037442845316555 4.743671730863504 4.090637870236065 0.9987424140021922 
4.717418154065477 0.14171683771938703 -4.690135397179663
4.587218699613544 0.6071059507331059 5.848460738056846 3.013883720947664 6.082982864728935 0.9212432388592976 5.77378801320888 6.244199586379514 5.681148316061175 2.6618827885475853 
-0.020622660495404968 34.84304141612518 -0.014856366792727747
4.0086012713948875 0.9741833064464095 5.355425681131653 3.0891475325019186 3.2906940704209524 2.2010325953954877 5.27956083367748 0.07147470279882284 3.6348079253889596 3.0281565013572544 
-0.07515365651959978 35.175629515855164 -1.5706668747609291
5.637214743231667 2.5962286953343185 0.5851440341703255 4.642329901863452 4.834372531061002 3.714186692142782 0.6469341519948776 1.6533823386503999 5.08859680513479 4.493197608926489 
-0.8112004429085777 49.534014803404524 -0.8411327519797915
4.90758338414602 2.8110728627313524 1.9689341404851994 4.148267496896834 3.8099446158284347 3.343693069611296 1.6321511069911063 2.4785160982473924 3.8208413917578574 3.986528561271172 
-0.804310934331894 49.39637773972492 -2.3496987858104963
0.21806424276957714 4.323245406944407 3.5317243823942164 5.6054105024192475 5.4097247569289095 4.954125184667019 3.2933454642667472 4.067164485453484 5.442842054463138 5.536689459514723 
4.689524919835646 35.00794875575396 -7.9398981808374005
1.1867084772979435 4.115041721283701 3.213447249383523 5.384603648522714 4.548185556208229 4.391571061276186 3.1153749215337765 3.7436486555462682 4.215346883307254 5.182479385657849 
4.762655817298179 34.87412292082832 -3.09299007229777
2.706550513720773 5.489904604028251 4.990385080809444 0.6348592099216817 6.051110313979195 6.036568495075517 4.745571009011977 5.123836616552096 5.69640750643396 0.45793205457356634 
4.764558567578222 0.1456566808004558 -3.04321087415106
3.032907253878205 5.241199437258235 4.293927436435473 1.5293489888365344 4.468856431142831 5.493286516315313 4.130713786455864 4.726226391865769 4.140899613234372 0.9519776834028661 
4.79193749604526 0.09580293906744253 -4.811814106266385
4.633196202276907 0.5148079754957195 5.8658186465262885 3.047184936351407 6.137710113864576 0.8224242485644025 5.682676114679106 0.05169144199936027 5.650285584360042 2.6008861440665854 
0.06540414075197924 34.94118085678949 -0.04782498490995769
3.954387241167833 0.9206106673918851 5.235686379360466 2.905878046870312 3.2572115350074675 2.0545226961724037 5.326208262215812 0.1774965480932326 3.5834318825787803 2.7559619023610638 
0.021309810921900308 35.00909640689758 -1.5675895395729105
5.518456598687725 2.551424273987662 0.6210102290958309 4.712141719146049 4.774209348705701 3.69387256576148 0.5247851448266201 1.6153119686419408 5.117423326484698 4.408934212203523 
-0.8190845276896717 49.44030747595703 -0.8376870334864572
4.854395823037633 2.7549013539438327 1.924518564390933 4.1601895234969435 3.757895473407055 3.364507979176722 1.5756251822130796 2.5289015023661716 3.8876202626283343 3.98964596662206 
-0.8081762997456278 49.392742540784745 -2.349467937996072
0.19200735950297598 4.467226313667026 3.5529645867275175 5.803643245713609 5.38213425021112 4.915607386475617 3.2082917425636768 4.01985111611451 5.381262472389859 5.614575245169958 
4.6642189317589455 35.07353107169793 -7.883374118937571
1.15686911096166 3.969248837205832 3.2519633446552185 5.371995773930521 4.389666183568151 4.251045989878311 3.1219509340477947 3.614914541488916 4.1053760188087125 5.230472099540513 
4.719183476411502 34.99256198741885 -3.155488750650278
2.7233920269154326 5.6461969612580845 4.919240112164074 0.6213808765594862 6.033618326495348 5.973225436255846 4.751513707742494 5.290817626470665 5.833305446189021 0.4936378714115203 
4.68293425570561 -0.0817835810828203 -3.1477099334769836
3.1626917716922853 5.3185938372711075 4.231970466305014 1.4234176309339248 4.596347163045123 5.525300427353194 4.228566772587288 4.7135644211564705 4.026374459615435 1.059537529443915 
4.707344495048427 0.2708835436304485 -4.650538544102873
4.713993685812809 0.41933862338412453 5.838772126329379 3.0441178022306676 6.021532804529706 0.8081392704825614 5.69492278524044 0.050704455090653404 5.608026987281022 2.614870252625674 
