241
20.0 50.0 -1.5707963267948966
20.000000000000004 15.0 -1.5707963267948966
20.000000000000004 15.0 -3.141592653589793
-14.999999999999996 14.999999999999996 -3.141592653589793
-14.999999999999996 14.999999999999996 -4.71238898038469
-15.000000000000004 50.0 -4.71238898038469
-15.000000000000004 50.0 0.0
19.999999999999996 50.0 0.0
19.999999999999996 50.0 -1.5707963267948966
20.000000000000004 15.0 -1.5707963267948966
20.000000000000004 15.0 -3.141592653589793
-14.999999999999996 14.999999999999996 -3.141592653589793
-14.999999999999996 14.999999999999996 -4.71238898038469
-15.000000000000004 50.0 -4.71238898038469
-15.000000000000004 50.0 0.0
19.999999999999996 50.0 0.0
19.999999999999996 50.0 -1.5707963267948966
20.000000000000004 15.0 -1.5707963267948966
20.000000000000004 15.0 -3.141592653589793
-14.999999999999996 14.999999999999996 -3.141592653589793
-14.999999999999996 14.999999999999996 -4.71238898038469
-15.000000000000004 50.0 -4.71238898038469
-15.000000000000004 50.0 0.0
19.999999999999996 50.0 0.0
19.999999999999996 50.0 -1.5707963267948966
20.000000000000004 15.0 -1.5707963267948966
20.000000000000004 15.0 -3.141592653589793
-14.999999999999996 14.999999999999996 -3.141592653589793
-14.999999999999996 14.999999999999996 -4.71238898038469
-15.000000000000004 50.0 -4.71238898038469
-15.000000000000004 50.0 0.0
19.999999999999996 50.0 0.0
19.999999999999996 50.0 -1.5707963267948966
20.000000000000004 15.0 -1.5707963267948966
20.000000000000004 15.0 -3.141592653589793
-14.999999999999996 14.999999999999996 -3.141592653589793
-14.999999999999996 14.999999999999996 -4.71238898038469
-15.000000000000004 50.0 -4.71238898038469
-15.000000000000004 50.0 0.0
19.999999999999996 50.0 0.0
19.999999999999996 50.0 -1.5707963267948966
20.000000000000004 15.0 -1.5707963267948966
20.000000000000004 15.0 -3.141592653589793
-14.999999999999996 14.999999999999996 -3.141592653589793
-14.999999999999996 14.999999999999996 -4.71238898038469
-15.000000000000004 50.0 -4.71238898038469
-15.000000000000004 50.0 0.0
19.999999999999996 50.0 0.0
19.999999999999996 50.0 -1.5707963267948966
20.000000000000004 15.0 -1.5707963267948966
20.000000000000004 15.0 -3.141592653589793
-14.999999999999996 14.999999999999996 -3.141592653589793
-14.999999999999996 14.999999999999996 -4.71238898038469
-15.000000000000004 50.0 -4.71238898038469
-15.000000000000004 50.0 0.0
19.999999999999996 50.0 0.0
19.999999999999996 50.0 -1.5707963267948966
20.000000000000004 15.0 -1.5707963267948966
20.000000000000004 15.0 -3.141592653589793
-14.999999999999996 14.999999999999996 -3.141592653589793
-14.999999999999996 14.999999999999996 -4.71238898038469
-15.000000000000004 50.0 -4.71238898038469
-15.000000000000004 50.0 0.0
19.999999999999996 50.0 0.0
19.999999999999996 50.0 -1.5707963267948966
20.000000000000004 15.0 -1.5707963267948966
20.000000000000004 15.0 -3.141592653589793
-14.999999999999996 14.999999999999996 -3.141592653589793
-14.999999999999996 14.999999999999996 -4.71238898038469
-15.000000000000004 50.0 -4.71238898038469
-15.000000000000004 50.0 0.0
19.999999999999996 50.0 0.0
19.999999999999996 50.0 -1.5707963267948966
20.000000000000004 15.0 -1.5707963267948966
20.000000000000004 15.0 -3.141592653589793
-14.999999999999996 14.999999999999996 -3.141592653589793
-14.999999999999996 14.999999999999996 -4.71238898038469
-15.000000000000004 50.0 -4.71238898038469
-15.000000000000004 50.0 0.0
19.999999999999996 50.0 0.0
19.999999999999996 50.0 -1.5707963267948966
20.000000000000004 15.0 -1.5707963267948966
20.000000000000004 15.0 -3.141592653589793
-14.999999999999996 14.999999999999996 -3.141592653589793
-14.999999999999996 14.999999999999996 -4.71238898038469
-15.000000000000004 50.0 -4.71238898038469
-15.000000000000004 50.0 0.0
19.999999999999996 50.0 0.0
19.999999999999996 50.0 -1.5707963267948966
20.000000000000004 15.0 -1.5707963267948966
20.000000000000004 15.0 -3.141592653589793
-14.999999999999996 14.999999999999996 -3.141592653589793
-14.999999999999996 14.999999999999996 -4.71238898038469
-15.000000000000004 50.0 -4.71238898038469
-15.000000000000004 50.0 0.0
19.999999999999996 50.0 0.0
19.999999999999996 50.0 -1.5707963267948966
20.000000000000004 15.0 -1.5707963267948966
20.000000000000004 15.0 -3.141592653589793
-14.999999999999996 14.999999999999996 -3.141592653589793
-14.999999999999996 14.999999999999996 -4.71238898038469
-15.000000000000004 50.0 -4.71238898038469
-15.000000000000004 50.0 0.0
19.999999999999996 50.0 0.0
19.999999999999996 50.0 -1.5707963267948966
20.000000000000004 15.0 -1.5707963267948966
20.000000000000004 15.0 -3.141592653589793
-14.999999999999996 14.999999999999996 -3.141592653589793
-14.999999999999996 14.999999999999996 -4.71238898038469
-15.000000000000004 50.0 -4.71238898038469
-15.000000000000004 50.0 0.0
19.999999999999996 50.0 0.0
19.999999999999996 50.0 -1.5707963267948966
20.000000000000004 15.0 -1.5707963267948966
20.000000000000004 15.0 -3.141592653589793
-14.999999999999996 14.999999999999996 -3.141592653589793
-14.999999999999996 14.999999999999996 -4.71238898038469
-15.000000000000004 50.0 -4.71238898038469
-15.000000000000004 50.0 0.0
19.999999999999996 50.0 0.0
19.999999999999996 50.0 -1.5707963267948966
20.000000000000004 15.0 -1.5707963267948966
20.000000000000004 15.0 -3.141592653589793
-14.999999999999996 14.999999999999996 -3.141592653589793
-14.999999999999996 14.999999999999996 -4.71238898038469
-15.000000000000004 50.0 -4.71238898038469
-15.000000000000004 50.0 0.0
19.999999999999996 50.0 0.0
19.999999999999996 50.0 -1.5707963267948966
20.000000000000004 15.0 -1.5707963267948966
20.000000000000004 15.0 -3.141592653589793
-14.999999999999996 14.999999999999996 -3.141592653589793
-14.999999999999996 14.999999999999996 -4.71238898038469
-15.000000000000004 50.0 -4.71238898038469
-15.000000000000004 50.0 0.0
19.999999999999996 50.0 0.0
19.999999999999996 50.0 -1.5707963267948966
20.000000000000004 15.0 -1.5707963267948966
20.000000000000004 15.0 -3.141592653589793
-14.999999999999996 14.999999999999996 -3.141592653589793
-14.999999999999996 14.999999999999996 -4.71238898038469
-15.000000000000004 50.0 -4.71238898038469
-15.000000000000004 50.0 0.0
19.999999999999996 50.0 0.0
19.999999999999996 50.0 -1.5707963267948966
20.000000000000004 15.0 -1.5707963267948966
20.000000000000004 15.0 -3.141592653589793
-14.999999999999996 14.999999999999996 -3.141592653589793
-14.999999999999996 14.999999999999996 -4.71238898038469
-15.000000000000004 50.0 -4.71238898038469
-15.000000000000004 50.0 0.0
19.999999999999996 50.0 0.0
19.999999999999996 50.0 -1.5707963267948966
20.000000000000004 15.0 -1.5707963267948966
20.000000000000004 15.0 -3.141592653589793
-14.999999999999996 14.999999999999996 -3.141592653589793
-14.999999999999996 14.999999999999996 -4.71238898038469
-15.000000000000004 50.0 -4.71238898038469
-15.000000000000004 50.0 0.0
19.999999999999996 50.0 0.0
19.999999999999996 50.0 -1.5707963267948966
20.000000000000004 15.0 -1.5707963267948966
20.000000000000004 15.0 -3.141592653589793
-14.999999999999996 14.999999999999996 -3.141592653589793
-14.999999999999996 14.999999999999996 -4.71238898038469
-15.000000000000004 50.0 -4.71238898038469
-15.000000000000004 50.0 0.0
19.999999999999996 50.0 0.0
19.999999999999996 50.0 -1.5707963267948966
20.000000000000004 15.0 -1.5707963267948966
20.000000000000004 15.0 -3.141592653589793
-14.999999999999996 14.999999999999996 -3.141592653589793
-14.999999999999996 14.999999999999996 -4.71238898038469
-15.000000000000004 50.0 -4.71238898038469
-15.000000000000004 50.0 0.0
19.999999999999996 50.0 0.0
19.999999999999996 50.0 -1.5707963267948966
20.000000000000004 15.0 -1.5707963267948966
20.000000000000004 15.0 -3.141592653589793
-14.999999999999996 14.999999999999996 -3.141592653589793
-14.999999999999996 14.999999999999996 -4.71238898038469
-15.000000000000004 50.0 -4.71238898038469
-15.000000000000004 50.0 0.0
19.999999999999996 50.0 0.0
19.999999999999996 50.0 -1.5707963267948966
20.000000000000004 15.0 -1.5707963267948966
20.000000000000004 15.0 -3.141592653589793
-14.999999999999996 14.999999999999996 -3.141592653589793
-14.999999999999996 14.999999999999996 -4.71238898038469
-15.000000000000004 50.0 -4.71238898038469
-15.000000000000004 50.0 0.0
19.999999999999996 50.0 0.0
19.999999999999996 50.0 -1.5707963267948966
20.000000000000004 15.0 -1.5707963267948966
20.000000000000004 15.0 -3.141592653589793
-14.999999999999996 14.999999999999996 -3.141592653589793
-14.999999999999996 14.999999999999996 -4.71238898038469
-15.000000000000004 50.0 -4.71238898038469
-15.000000000000004 50.0 0.0
19.999999999999996 50.0 0.0
19.999999999999996 50.0 -1.5707963267948966
20.000000000000004 15.0 -1.5707963267948966
20.000000000000004 15.0 -3.141592653589793
-14.999999999999996 14.999999999999996 -3.141592653589793
-14.999999999999996 14.999999999999996 -4.71238898038469
-15.000000000000004 50.0 -4.71238898038469
-15.000000000000004 50.0 0.0
19.999999999999996 50.0 0.0
19.999999999999996 50.0 -1.5707963267948966
20.000000000000004 15.0 -1.5707963267948966
20.000000000000004 15.0 -3.141592653589793
-14.999999999999996 14.999999999999996 -3.141592653589793
-14.999999999999996 14.999999999999996 -4.71238898038469
-15.000000000000004 50.0 -4.71238898038469
-15.000000000000004 50.0 0.0
19.999999999999996 50.0 0.0
19.999999999999996 50.0 -1.5707963267948966
20.000000000000004 15.0 -1.5707963267948966
20.000000000000004 15.0 -3.141592653589793
-14.999999999999996 14.999999999999996 -3.141592653589793
-14.999999999999996 14.999999999999996 -4.71238898038469
-15.000000000000004 50.0 -4.71238898038469
-15.000000000000004 50.0 0.0
19.999999999999996 50.0 0.0
19.999999999999996 50.0 -1.5707963267948966
20.000000000000004 15.0 -1.5707963267948966
20.000000000000004 15.0 -3.141592653589793
-14.999999999999996 14.999999999999996 -3.141592653589793
-14.999999999999996 14.999999999999996 -4.71238898038469
-15.000000000000004 50.0 -4.71238898038469
-15.000000000000004 50.0 0.0
19.999999999999996 50.0 0.0
19.999999999999996 50.0 -1.5707963267948966
20.000000000000004 15.0 -1.5707963267948966
20.000000000000004 15.0 -3.141592653589793
-14.999999999999996 14.999999999999996 -3.141592653589793
-14.999999999999996 14.999999999999996 -4.71238898038469
-15.000000000000004 50.0 -4.71238898038469
-15.000000000000004 50.0 0.0
19.999999999999996 50.0 0.0
19.999999999999996 50.0 -1.5707963267948966
