241
20.0 50.0 0
55.0 50.0 0
55.0 50.0 -1.5707963267948966
55.0 15.0 -1.5707963267948966
55.0 15.0 -3.141592653589793
20.0 14.999999999999996 -3.141592653589793
20.0 14.999999999999996 1.5707963267948966
20.000000000000004 50.0 1.5707963267948966
20.000000000000004 50.0 0
55.0 50.0 0
55.0 50.0 -1.5707963267948966
55.0 15.0 -1.5707963267948966
55.0 15.0 -3.141592653589793
20.0 14.999999999999996 -3.141592653589793
20.0 14.999999999999996 1.5707963267948966
20.000000000000004 50.0 1.5707963267948966
20.000000000000004 50.0 0
55.0 50.0 0
55.0 50.0 -1.5707963267948966
55.0 15.0 -1.5707963267948966
55.0 15.0 -3.141592653589793
20.0 14.999999999999996 -3.141592653589793
20.0 14.999999999999996 1.5707963267948966
20.000000000000004 50.0 1.5707963267948966
20.000000000000004 50.0 0
55.0 50.0 0
55.0 50.0 -1.5707963267948966
55.0 15.0 -1.5707963267948966
55.0 15.0 -3.141592653589793
20.0 14.999999999999996 -3.141592653589793
20.0 14.999999999999996 1.5707963267948966
20.000000000000004 50.0 1.5707963267948966
20.000000000000004 50.0 0
55.0 50.0 0
55.0 50.0 -1.5707963267948966
55.0 15.0 -1.5707963267948966
55.0 15.0 -3.141592653589793
20.0 14.999999999999996 -3.141592653589793
20.0 14.999999999999996 1.5707963267948966
20.000000000000004 50.0 1.5707963267948966
20.000000000000004 50.0 0
55.0 50.0 0
55.0 50.0 -1.5707963267948966
55.0 15.0 -1.5707963267948966
55.0 15.0 -3.141592653589793
20.0 14.999999999999996 -3.141592653589793
20.0 14.999999999999996 1.5707963267948966
20.000000000000004 50.0 1.5707963267948966
20.000000000000004 50.0 0
55.0 50.0 0
55.0 50.0 -1.5707963267948966
55.0 15.0 -1.5707963267948966
55.0 15.0 -3.141592653589793
20.0 14.999999999999996 -3.141592653589793
20.0 14.999999999999996 1.5707963267948966
20.000000000000004 50.0 1.5707963267948966
20.000000000000004 50.0 0
55.0 50.0 0
55.0 50.0 -1.5707963267948966
55.0 15.0 -1.5707963267948966
55.0 15.0 -3.141592653589793
20.0 14.999999999999996 -3.141592653589793
20.0 14.999999999999996 1.5707963267948966
20.000000000000004 50.0 1.5707963267948966
20.000000000000004 50.0 0
55.0 50.0 0
55.0 50.0 -1.5707963267948966
55.0 15.0 -1.5707963267948966
55.0 15.0 -3.141592653589793
20.0 14.999999999999996 -3.141592653589793
20.0 14.999999999999996 1.5707963267948966
20.000000000000004 50.0 1.5707963267948966
20.000000000000004 50.0 0
55.0 50.0 0
55.0 50.0 -1.5707963267948966
55.0 15.0 -1.5707963267948966
55.0 15.0 -3.141592653589793
20.0 14.999999999999996 -3.141592653589793
20.0 14.999999999999996 1.5707963267948966
20.000000000000004 50.0 1.5707963267948966
20.000000000000004 50.0 0
55.0 50.0 0
55.0 50.0 -1.5707963267948966
55.0 15.0 -1.5707963267948966
55.0 15.0 -3.141592653589793
20.0 14.999999999999996 -3.141592653589793
20.0 14.999999999999996 1.5707963267948966
20.000000000000004 50.0 1.5707963267948966
20.000000000000004 50.0 0
55.0 50.0 0
55.0 50.0 -1.5707963267948966
55.0 15.0 -1.5707963267948966
55.0 15.0 -3.141592653589793
20.0 14.999999999999996 -3.141592653589793
20.0 14.999999999999996 1.5707963267948966
20.000000000000004 50.0 1.5707963267948966
20.000000000000004 50.0 0
55.0 50.0 0
55.0 50.0 -1.5707963267948966
55.0 15.0 -1.5707963267948966
55.0 15.0 -3.141592653589793
20.0 14.999999999999996 -3.141592653589793
20.0 14.999999999999996 1.5707963267948966
20.000000000000004 50.0 1.5707963267948966
20.000000000000004 50.0 0
55.0 50.0 0
55.0 50.0 -1.5707963267948966
55.0 15.0 -1.5707963267948966
55.0 15.0 -3.141592653589793
20.0 14.999999999999996 -3.141592653589793
20.0 14.999999999999996 1.5707963267948966
20.000000000000004 50.0 1.5707963267948966
20.000000000000004 50.0 0
55.0 50.0 0
55.0 50.0 -1.5707963267948966
55.0 15.0 -1.5707963267948966
55.0 15.0 -3.141592653589793
20.0 14.999999999999996 -3.141592653589793
20.0 14.999999999999996 1.5707963267948966
20.000000000000004 50.0 1.5707963267948966
20.000000000000004 50.0 0
55.0 50.0 0
55.0 50.0 -1.5707963267948966
55.0 15.0 -1.5707963267948966
55.0 15.0 -3.141592653589793
20.0 14.999999999999996 -3.141592653589793
20.0 14.999999999999996 1.5707963267948966
20.000000000000004 50.0 1.5707963267948966
20.000000000000004 50.0 0
55.0 50.0 0
55.0 50.0 -1.5707963267948966
55.0 15.0 -1.5707963267948966
55.0 15.0 -3.141592653589793
20.0 14.999999999999996 -3.141592653589793
20.0 14.999999999999996 1.5707963267948966
20.000000000000004 50.0 1.5707963267948966
20.000000000000004 50.0 0
55.0 50.0 0
55.0 50.0 -1.5707963267948966
55.0 15.0 -1.5707963267948966
55.0 15.0 -3.141592653589793
20.0 14.999999999999996 -3.141592653589793
20.0 14.999999999999996 1.5707963267948966
20.000000000000004 50.0 1.5707963267948966
20.000000000000004 50.0 0
55.0 50.0 0
55.0 50.0 -1.5707963267948966
55.0 15.0 -1.5707963267948966
55.0 15.0 -3.141592653589793
20.0 14.999999999999996 -3.141592653589793
20.0 14.999999999999996 1.5707963267948966
20.000000000000004 50.0 1.5707963267948966
20.000000000000004 50.0 0
55.0 50.0 0
55.0 50.0 -1.5707963267948966
55.0 15.0 -1.5707963267948966
55.0 15.0 -3.141592653589793
20.0 14.999999999999996 -3.141592653589793
20.0 14.999999999999996 1.5707963267948966
20.000000000000004 50.0 1.5707963267948966
20.000000000000004 50.0 0
55.0 50.0 0
55.0 50.0 -1.5707963267948966
55.0 15.0 -1.5707963267948966
55.0 15.0 -3.141592653589793
20.0 14.999999999999996 -3.141592653589793
20.0 14.999999999999996 1.5707963267948966
20.000000000000004 50.0 1.5707963267948966
20.000000000000004 50.0 0
55.0 50.0 0
55.0 50.0 -1.5707963267948966
55.0 15.0 -1.5707963267948966
55.0 15.0 -3.141592653589793
20.0 14.999999999999996 -3.141592653589793
20.0 14.999999999999996 1.5707963267948966
20.000000000000004 50.0 1.5707963267948966
20.000000000000004 50.0 0
55.0 50.0 0
55.0 50.0 -1.5707963267948966
55.0 15.0 -1.5707963267948966
55.0 15.0 -3.141592653589793
20.0 14.999999999999996 -3.141592653589793
20.0 14.999999999999996 1.5707963267948966
20.000000000000004 50.0 1.5707963267948966
20.000000000000004 50.0 0
55.0 50.0 0
55.0 50.0 -1.5707963267948966
55.0 15.0 -1.5707963267948966
55.0 15.0 -3.141592653589793
20.0 14.999999999999996 -3.141592653589793
20.0 14.999999999999996 1.5707963267948966
20.000000000000004 50.0 1.5707963267948966
20.000000000000004 50.0 0
55.0 50.0 0
55.0 50.0 -1.5707963267948966
55.0 15.0 -1.5707963267948966
55.0 15.0 -3.141592653589793
20.0 14.999999999999996 -3.141592653589793
20.0 14.999999999999996 1.5707963267948966
20.000000000000004 50.0 1.5707963267948966
20.000000000000004 50.0 0
55.0 50.0 0
55.0 50.0 -1.5707963267948966
55.0 15.0 -1.5707963267948966
55.0 15.0 -3.141592653589793
20.0 14.999999999999996 -3.141592653589793
20.0 14.999999999999996 1.5707963267948966
20.000000000000004 50.0 1.5707963267948966
20.000000000000004 50.0 0
55.0 50.0 0
55.0 50.0 -1.5707963267948966
55.0 15.0 -1.5707963267948966
55.0 15.0 -3.141592653589793
20.0 14.999999999999996 -3.141592653589793
20.0 14.999999999999996 1.5707963267948966
20.000000000000004 50.0 1.5707963267948966
20.000000000000004 50.0 0
55.0 50.0 0
55.0 50.0 -1.5707963267948966
55.0 15.0 -1.5707963267948966
55.0 15.0 -3.141592653589793
20.0 14.999999999999996 -3.141592653589793
20.0 14.999999999999996 1.5707963267948966
20.000000000000004 50.0 1.5707963267948966
20.000000000000004 50.0 0
55.0 50.0 0
55.0 50.0 -1.5707963267948966
55.0 15.0 -1.5707963267948966
55.0 15.0 -3.141592653589793
20.0 14.999999999999996 -3.141592653589793
20.0 14.999999999999996 1.5707963267948966
20.000000000000004 50.0 1.5707963267948966
20.000000000000004 50.0 0
55.0 50.0 0
55.0 50.0 -1.5707963267948966
55.0 15.0 -1.5707963267948966
55.0 15.0 -3.141592653589793
20.0 14.999999999999996 -3.141592653589793
20.0 14.999999999999996 1.5707963267948966
20.000000000000004 50.0 1.5707963267948966
20.000000000000004 50.0 0
