241
60.0 70.0 -1.5707963267948966
60.0 35.0 -1.5707963267948966
60.0 35.0 -3.141592653589793
25.0 34.99999999999999 -3.141592653589793
25.0 34.99999999999999 -4.71238898038469
24.999999999999993 70.0 -4.71238898038469
24.999999999999993 70.0 0.0
59.99999999999999 70.0 0.0
59.99999999999999 70.0 -1.5707963267948966
60.0 35.0 -1.5707963267948966
60.0 35.0 -3.141592653589793
25.0 34.99999999999999 -3.141592653589793
25.0 34.99999999999999 -4.71238898038469
24.999999999999993 70.0 -4.71238898038469
24.999999999999993 70.0 0.0
59.99999999999999 70.0 0.0
59.99999999999999 70.0 -1.5707963267948966
60.0 35.0 -1.5707963267948966
60.0 35.0 -3.141592653589793
25.0 34.99999999999999 -3.141592653589793
25.0 34.99999999999999 -4.71238898038469
24.999999999999993 70.0 -4.71238898038469
24.999999999999993 70.0 0.0
59.99999999999999 70.0 0.0
59.99999999999999 70.0 -1.5707963267948966
60.0 35.0 -1.5707963267948966
60.0 35.0 -3.141592653589793
25.0 34.99999999999999 -3.141592653589793
25.0 34.99999999999999 -4.71238898038469
24.999999999999993 70.0 -4.71238898038469
24.999999999999993 70.0 0.0
59.99999999999999 70.0 0.0
59.99999999999999 70.0 -1.5707963267948966
60.0 35.0 -1.5707963267948966
60.0 35.0 -3.141592653589793
25.0 34.99999999999999 -3.141592653589793
25.0 34.99999999999999 -4.71238898038469
24.999999999999993 70.0 -4.71238898038469
24.999999999999993 70.0 0.0
59.99999999999999 70.0 0.0
59.99999999999999 70.0 -1.5707963267948966
60.0 35.0 -1.5707963267948966
60.0 35.0 -3.141592653589793
25.0 34.99999999999999 -3.141592653589793
25.0 34.99999999999999 -4.71238898038469
24.999999999999993 70.0 -4.71238898038469
24.999999999999993 70.0 0.0
59.99999999999999 70.0 0.0
59.99999999999999 70.0 -1.5707963267948966
60.0 35.0 -1.5707963267948966
60.0 35.0 -3.141592653589793
25.0 34.99999999999999 -3.141592653589793
25.0 34.99999999999999 -4.71238898038469
24.999999999999993 70.0 -4.71238898038469
24.999999999999993 70.0 0.0
59.99999999999999 70.0 0.0
59.99999999999999 70.0 -1.5707963267948966
60.0 35.0 -1.5707963267948966
60.0 35.0 -3.141592653589793
25.0 34.99999999999999 -3.141592653589793
25.0 34.99999999999999 -4.71238898038469
24.999999999999993 70.0 -4.71238898038469
24.999999999999993 70.0 0.0
59.99999999999999 70.0 0.0
59.99999999999999 70.0 -1.5707963267948966
60.0 35.0 -1.5707963267948966
60.0 35.0 -3.141592653589793
25.0 34.99999999999999 -3.141592653589793
25.0 34.99999999999999 -4.71238898038469
24.999999999999993 70.0 -4.71238898038469
24.999999999999993 70.0 0.0
59.99999999999999 70.0 0.0
59.99999999999999 70.0 -1.5707963267948966
60.0 35.0 -1.5707963267948966
60.0 35.0 -3.141592653589793
25.0 34.99999999999999 -3.141592653589793
25.0 34.99999999999999 -4.71238898038469
24.999999999999993 70.0 -4.71238898038469
24.999999999999993 70.0 0.0
59.99999999999999 70.0 0.0
59.99999999999999 70.0 -1.5707963267948966
60.0 35.0 -1.5707963267948966
60.0 35.0 -3.141592653589793
25.0 34.99999999999999 -3.141592653589793
25.0 34.99999999999999 -4.71238898038469
24.999999999999993 70.0 -4.71238898038469
24.999999999999993 70.0 0.0
59.99999999999999 70.0 0.0
59.99999999999999 70.0 -1.5707963267948966
60.0 35.0 -1.5707963267948966
60.0 35.0 -3.141592653589793
25.0 34.99999999999999 -3.141592653589793
25.0 34.99999999999999 -4.71238898038469
24.999999999999993 70.0 -4.71238898038469
24.999999999999993 70.0 0.0
59.99999999999999 70.0 0.0
59.99999999999999 70.0 -1.5707963267948966
60.0 35.0 -1.5707963267948966
60.0 35.0 -3.141592653589793
25.0 34.99999999999999 -3.141592653589793
25.0 34.99999999999999 -4.71238898038469
24.999999999999993 70.0 -4.71238898038469
24.999999999999993 70.0 0.0
59.99999999999999 70.0 0.0
59.99999999999999 70.0 -1.5707963267948966
60.0 35.0 -1.5707963267948966
60.0 35.0 -3.141592653589793
25.0 34.99999999999999 -3.141592653589793
25.0 34.99999999999999 -4.71238898038469
24.999999999999993 70.0 -4.71238898038469
24.999999999999993 70.0 0.0
59.99999999999999 70.0 0.0
59.99999999999999 70.0 -1.5707963267948966
60.0 35.0 -1.5707963267948966
60.0 35.0 -3.141592653589793
25.0 34.99999999999999 -3.141592653589793
25.0 34.99999999999999 -4.71238898038469
24.999999999999993 70.0 -4.71238898038469
24.999999999999993 70.0 0.0
59.99999999999999 70.0 0.0
59.99999999999999 70.0 -1.5707963267948966
60.0 35.0 -1.5707963267948966
60.0 35.0 -3.141592653589793
25.0 34.99999999999999 -3.141592653589793
25.0 34.99999999999999 -4.71238898038469
24.999999999999993 70.0 -4.71238898038469
24.999999999999993 70.0 0.0
59.99999999999999 70.0 0.0
59.99999999999999 70.0 -1.5707963267948966
60.0 35.0 -1.5707963267948966
60.0 35.0 -3.141592653589793
25.0 34.99999999999999 -3.141592653589793
25.0 34.99999999999999 -4.71238898038469
24.999999999999993 70.0 -4.71238898038469
24.999999999999993 70.0 0.0
59.99999999999999 70.0 0.0
59.99999999999999 70.0 -1.5707963267948966
60.0 35.0 -1.5707963267948966
60.0 35.0 -3.141592653589793
25.0 34.99999999999999 -3.141592653589793
25.0 34.99999999999999 -4.71238898038469
24.999999999999993 70.0 -4.71238898038469
24.999999999999993 70.0 0.0
59.99999999999999 70.0 0.0
59.99999999999999 70.0 -1.5707963267948966
60.0 35.0 -1.5707963267948966
60.0 35.0 -3.141592653589793
25.0 34.99999999999999 -3.141592653589793
25.0 34.99999999999999 -4.71238898038469
24.999999999999993 70.0 -4.71238898038469
24.999999999999993 70.0 0.0
59.99999999999999 70.0 0.0
59.99999999999999 70.0 -1.5707963267948966
60.0 35.0 -1.5707963267948966
60.0 35.0 -3.141592653589793
25.0 34.99999999999999 -3.141592653589793
25.0 34.99999999999999 -4.71238898038469
24.999999999999993 70.0 -4.71238898038469
24.999999999999993 70.0 0.0
59.99999999999999 70.0 0.0
59.99999999999999 70.0 -1.5707963267948966
60.0 35.0 -1.5707963267948966
60.0 35.0 -3.141592653589793
25.0 34.99999999999999 -3.141592653589793
25.0 34.99999999999999 -4.71238898038469
24.999999999999993 70.0 -4.71238898038469
24.999999999999993 70.0 0.0
59.99999999999999 70.0 0.0
59.99999999999999 70.0 -1.5707963267948966
60.0 35.0 -1.5707963267948966
60.0 35.0 -3.141592653589793
25.0 34.99999999999999 -3.141592653589793
25.0 34.99999999999999 -4.71238898038469
24.999999999999993 70.0 -4.71238898038469
24.999999999999993 70.0 0.0
59.99999999999999 70.0 0.0
59.99999999999999 70.0 -1.5707963267948966
60.0 35.0 -1.5707963267948966
60.0 35.0 -3.141592653589793
25.0 34.99999999999999 -3.141592653589793
25.0 34.99999999999999 -4.71238898038469
24.999999999999993 70.0 -4.71238898038469
24.999999999999993 70.0 0.0
59.99999999999999 70.0 0.0
59.99999999999999 70.0 -1.5707963267948966
60.0 35.0 -1.5707963267948966
60.0 35.0 -3.141592653589793
25.0 34.99999999999999 -3.141592653589793
25.0 34.99999999999999 -4.71238898038469
24.999999999999993 70.0 -4.71238898038469
24.999999999999993 70.0 0.0
59.99999999999999 70.0 0.0
59.99999999999999 70.0 -1.5707963267948966
60.0 35.0 -1.5707963267948966
60.0 35.0 -3.141592653589793
25.0 34.99999999999999 -3.141592653589793
25.0 34.99999999999999 -4.71238898038469
24.999999999999993 70.0 -4.71238898038469
24.999999999999993 70.0 0.0
59.99999999999999 70.0 0.0
59.99999999999999 70.0 -1.5707963267948966
60.0 35.0 -1.5707963267948966
60.0 35.0 -3.141592653589793
25.0 34.99999999999999 -3.141592653589793
25.0 34.99999999999999 -4.71238898038469
24.999999999999993 70.0 -4.71238898038469
24.999999999999993 70.0 0.0
59.99999999999999 70.0 0.0
59.99999999999999 70.0 -1.5707963267948966
60.0 35.0 -1.5707963267948966
60.0 35.0 -3.141592653589793
25.0 34.99999999999999 -3.141592653589793
25.0 34.99999999999999 -4.71238898038469
24.999999999999993 70.0 -4.71238898038469
24.999999999999993 70.0 0.0
59.99999999999999 70.0 0.0
59.99999999999999 70.0 -1.5707963267948966
60.0 35.0 -1.5707963267948966
60.0 35.0 -3.141592653589793
25.0 34.99999999999999 -3.141592653589793
25.0 34.99999999999999 -4.71238898038469
24.999999999999993 70.0 -4.71238898038469
24.999999999999993 70.0 0.0
59.99999999999999 70.0 0.0
59.99999999999999 70.0 -1.5707963267948966
60.0 35.0 -1.5707963267948966
60.0 35.0 -3.141592653589793
25.0 34.99999999999999 -3.141592653589793
25.0 34.99999999999999 -4.71238898038469
24.999999999999993 70.0 -4.71238898038469
24.999999999999993 70.0 0.0
59.99999999999999 70.0 0.0
59.99999999999999 70.0 -1.5707963267948966
60.0 35.0 -1.5707963267948966
60.0 35.0 -3.141592653589793
25.0 34.99999999999999 -3.141592653589793
25.0 34.99999999999999 -4.71238898038469
24.999999999999993 70.0 -4.71238898038469
24.999999999999993 70.0 0.0
59.99999999999999 70.0 0.0
59.99999999999999 70.0 -1.5707963267948966
